m332,39,41,41,6,2,13,3,22,4,2,1,3,12,1,6,11,31,10,32,9,34,7,35,6,36,5,37,4,37,5,35,7,34,7,34,7,34,7,35,7,34,8,33,9,32,10,31,9,31,9,31,9,31,9,32,8,32,8,33,7,34,6,35,5,35,5,35,6,34,7,34,8,33,10,31,11,30,12,31,11,30,12,29,13,28,14,28,15,24,18,22,20,16,2,2,8
m335,31,36,44,11,10,25,14,22,14,21,20,11,25,10,27,8,28,8,29,6,30,5,32,4,33,3,33,3,33,3,33,3,33,3,33,3,33,3,33,3,33,3,34,3,33,3,34,2,33,3,33,3,33,3,33,3,33,3,33,3,33,3,32,4,32,3,33,4,32,5,33,4,32,5,31,6,30,6,30,7,29,8,28,8,29,7,28,9,2,7,2,3,13,27,7,3
m335,22,33,48,17,1,29,6,26,11,17,17,14,20,11,23,9,25,7,27,6,28,4,30,3,31,2,31,2,32,1,32,1,32,1,32,1,32,1,32,1,31,1,32,1,32,1,32,1,31,2,30,3,30,4,29,4,29,4,29,4,29,4,29,4,29,4,29,4,28,5,27,5,27,7,25,10,23,13,20,16,17,17,16,19,15,19,15,19,14,20,13,21,12,22,11,23,9,28,4,7
m335,15,35,52,20,3,29,8,27,9,17,2,2,2,1,11,15,21,14,22,12,24,10,26,8,27,8,27,8,27,8,28,7,29,6,31,4,32,3,32,3,32,2,33,1,32,3,32,3,33,2,34,1,33,1,34,2,33,3,33,2,33,1,33,1,34,1,34,1,33,2,32,3,31,4,30,6,28,7,27,8,27,7,28,8,26,13,21,17,17,21,15,23,12,24,12,25,11,25,11,25,10,26,9,27,8,28,7,30,4,33,1,8
m333,12,40,52,22,2,33,3,1,4,30,12,24,2,1,13,1,1,21,25,15,25,15,25,14,27,12,28,12,28,11,29,11,29,11,28,3,2,7,27,5,1,7,28,3,1,8,29,1,2,8,32,8,32,8,31,9,31,9,31,10,30,8,32,7,33,7,32,9,30,10,29,11,29,11,30,9,31,8,32,9,31,9,31,9,31,9,31,9,30,10,30,9,31,8,32,7,34,5,35,4,36,5,34,7,33,14,26,18,22,22,18,25,14,27,13,29,11,30,10,39,1,6
m337,13,41,54,16,4,35,7,9,1,23,8,6,6,20,22,17,25,15,28,12,30,11,30,10,31,9,33,7,34,7,36,6,35,7,34,8,32,9,32,9,32,9,31,10,31,9,32,9,33,7,33,8,34,8,34,7,34,7,34,6,35,4,37,4,36,6,34,7,34,6,35,6,35,6,35,5,36,4,35,6,35,5,36,4,37,5,36,6,35,12,28,17,24,20,20,22,16,27,14,28,13,31,9,33,9,34,7,37,3,37,5,37,3,39,2,10
m345,19,41,49,16,4,37,4,2,9,25,19,19,23,17,25,13,28,12,30,11,30,11,32,9,33,8,33,7,35,5,36,5,36,5,36,5,36,5,36,5,36,5,36,5,36,5,36,5,36,5,35,6,35,5,36,5,36,4,37,3,38,3,38,2,39,1,40,1,35,1,4,1,35,3,2,1,36,7,34,8,33,11,28,14,27,16,25,17,24,18,22,21,20,22,20,22,20,23,18,24,17,25,16,26,3,1,2,1,8,27,1,5,4,10
m351,30,39,45,15,12,26,15,18,25,14,27,11,29,9,31,8,31,8,32,7,32,7,32,6,34,5,34,5,34,5,34,5,34,5,34,5,33,6,33,4,35,4,35,4,35,4,34,4,35,4,35,4,34,4,35,4,35,3,36,4,35,5,35,6,32,8,31,9,29,11,27,13,25,15,21,19,19,21,17,24,15,25,14,27,11,29,10,31,8,32,6,34,5,13
m355,36,41,45,18,2,38,7,30,12,28,13,2,3,13,3,5,22,4,3,4,4,3,24,2,5,3,5,1,33,2,38,3,37,4,36,5,35,6,35,6,35,7,34,7,34,7,34,7,34,7,35,6,36,5,35,6,35,6,35,5,36,4,37,3,38,3,38,3,38,3,38,4,35,6,34,7,33,8,31,10,30,11,29,15,25,17,24,19,22,20,21,21,20,23,17,25,15,27,13,29,11,31,9,33,6,19
m359,46,40,41,17,3,35,1,1,5,29,12,11,4,12,28,11,30,8,32,7,33,7,33,7,33,7,33,8,32,8,32,8,33,7,33,7,33,9,30,11,29,12,28,11,29,7,2,1,29,8,31,8,31,8,31,8,31,9,32,8,31,9,31,8,32,8,32,7,33,6,34,6,34,7,33,8,32,10,29,12,27,14,22,1,2,16,19,22,17,24,7,34,5,25
m363,51,41,46,21,8,29,16,19,22,18,23,17,24,17,27,14,28,13,29,11,30,11,32,9,32,8,34,7,34,6,34,7,34,7,34,6,35,6,35,5,36,4,37,4,37,4,37,4,37,4,37,4,37,4,37,4,36,5,35,5,36,4,37,3,38,3,38,4,37,6,35,8,30,1,1,10,29,14,27,15,25,17,23,20,21,21,20,23,15,27,14,28,13,30,7,1,1,35,3,16
m367,57,40,46,22,2,1,3,33,7,33,7,32,9,27,2,1,12,23,18,20,22,12,29,11,32,8,32,8,32,8,32,8,33,7,33,7,34,6,33,7,33,6,34,6,34,6,34,6,33,7,33,7,33,7,33,7,32,8,32,8,32,8,31,9,32,8,32,7,33,6,34,6,34,6,34,5,31,1,1,6,32,7,33,8,32,11,27,15,24,19,21,20,19,25,14,29,11,32,7,34,6,13
m359,62,42,41,30,3,20,2,4,5,5,8,15,29,12,31,11,34,8,34,7,35,7,35,7,35,7,35,8,34,8,34,8,34,8,34,8,34,8,35,7,35,7,35,7,35,7,35,7,35,7,34,8,34,7,35,6,35,7,35,6,35,6,35,6,35,5,36,7,34,10,32,11,31,13,28,15,26,18,23,20,22,21,21,22,19,24,7,5,5,26,5,7,3,13
m361,54,37,47,25,1,31,6,27,10,3,1,22,17,17,21,14,23,14,24,12,26,10,28,8,30,6,30,6,31,5,33,3,34,3,34,3,34,3,34,3,34,3,34,2,35,2,35,2,35,2,34,3,34,3,34,3,34,3,35,2,35,1,36,1,36,1,36,1,36,1,32,2,2,1,32,5,32,5,32,5,30,7,29,7,30,7,30,8,29,12,25,15,21,17,20,19,17,21,14,24,1,9,2,12
m350,50,42,45,14,6,33,10,32,15,27,18,5,4,15,21,2,4,14,28,13,30,12,31,10,32,10,32,10,32,10,32,9,33,9,34,8,34,8,34,7,35,7,35,5,37,4,37,4,38,4,38,4,39,3,39,3,39,3,39,3,40,2,40,2,39,3,38,4,38,4,38,4,38,3,38,3,38,4,38,4,37,8,33,12,29,14,28,16,26,17,24,19,16,29,5,1,3,35,1,4,1,20
m341,41,43,50,26,1,31,2,8,3,3,2,23,8,3,5,1,4,21,24,18,28,15,28,15,29,15,28,14,29,13,30,13,30,13,30,13,30,12,32,12,31,11,33,7,35,7,36,7,37,6,38,5,38,4,39,3,40,2,41,1,170,1,42,1,42,1,42,2,41,1,42,1,42,1,42,2,41,3,39,3,40,2,39,4,39,4,34,1,2,9,30,17,25,21,22,22,21,24,19,25,18,31,1,2,9,35,3,41,1,17
m332,32,44,48,21,7,36,8,2,2,29,18,25,21,21,24,18,29,15,29,14,31,12,32,12,33,11,33,11,33,11,33,11,33,10,34,10,34,9,36,8,36,7,37,6,38,5,39,5,39,5,39,5,39,5,39,6,38,6,38,7,37,7,34,10,34,10,34,10,34,9,34,10,34,10,34,9,36,7,37,7,36,5,39,4,40,4,39,5,38,6,38,15,28,20,23,24,19,26,16,30,9,16
m327,25,45,47,17,1,39,7,37,14,30,16,29,18,26,23,21,25,19,28,17,27,18,27,17,28,16,29,15,31,14,32,12,35,8,38,7,38,7,36,10,36,10,35,11,33,12,33,12,34,11,34,11,34,11,35,10,35,10,35,10,35,10,38,7,38,4,40,4,41,4,41,4,41,4,41,4,41,4,42,3,43,2,44,2,38,1,43,3,3,1,37,5,1,8,28,21,23,29,15,35,9,14
m324,22,38,43,15,2,35,4,31,15,23,15,23,16,21,23,15,24,14,25,13,25,13,25,11,28,11,28,10,27,10,29,9,29,9,29,8,30,7,31,7,31,7,31,7,31,7,31,7,31,7,31,7,32,6,32,6,32,6,32,6,32,6,32,6,31,6,32,5,33,4,34,1,38,3,35,4,34,7,29,11,23,17,20,19,19,21,17,35,1,9
m319,22,40,36,17,3,36,10,26,15,24,17,22,19,20,24,16,25,16,24,16,25,1,2,12,30,7,33,6,34,3,36,3,37,3,37,3,36,4,36,4,37,2,37,3,37,3,37,2,38,2,38,3,37,5,36,5,35,6,34,7,33,8,31,10,29,12,28,13,26,15,24,17,22,18,21,20,19,8
m320,22,39,39,9,6,6,3,23,7,3,2,1,6,19,21,14,29,10,29,10,30,7,32,7,34,5,35,4,36,3,37,2,36,3,36,3,36,3,37,1,38,1,37,2,36,3,36,3,36,3,36,3,36,3,35,4,36,3,37,2,77,2,36,4,35,6,33,7,32,9,30,10,29,12,26,14,23,17,22,19,19,26,12,31,7,8
m319,15,40,48,24,2,25,15,24,19,20,20,18,24,16,25,14,27,12,29,10,31,8,33,7,33,7,34,6,34,5,36,4,36,4,37,3,38,3,37,3,37,3,37,2,38,2,38,2,38,2,38,2,38,3,36,4,35,5,35,5,34,6,35,5,35,5,36,4,36,3,37,2,38,1,39,1,39,1,35,8,30,12,28,15,24,17,22,20,19,22,17,24,15,26,13,28,10,34,1,1,3,16
m320,19,42,51,28,1,30,13,28,14,26,17,24,19,21,23,18,25,16,28,13,30,12,31,11,33,7,1,1,33,5,37,5,37,5,37,7,35,7,35,7,35,6,36,6,37,5,36,6,36,5,37,5,37,5,37,5,37,5,37,5,37,4,38,3,38,4,37,4,37,4,38,4,38,4,38,4,38,6,36,7,35,9,33,10,33,10,31,12,30,13,28,15,26,17,24,18,21,22,20,23,19,23,18,24,6,1,10,33,1,20
m322,26,42,46,19,2,1,5,34,9,32,12,29,14,25,20,19,26,15,30,12,32,9,33,9,33,8,34,7,35,7,35,6,36,5,37,5,37,5,37,5,37,5,37,4,38,4,38,4,38,3,39,2,40,2,40,2,39,3,38,4,38,3,38,3,39,3,39,3,39,3,37,7,34,9,32,13,28,15,26,18,23,20,21,22,19,24,15,28,12,31,10,34,7,36,6,39,3,19
m325,29,43,47,22,4,2,5,28,1,1,17,22,1,1,20,18,26,16,28,15,28,15,28,15,28,13,31,12,31,12,33,9,34,9,34,9,34,8,35,8,35,7,36,7,36,6,37,5,38,3,40,2,41,1,42,1,257,1,41,3,39,5,38,7,36,8,34,10,32,12,28,16,26,18,21,1,2,20,19,25,17,27,15,29,14,30,13,31,12,32,10,33,9,35,7,18
m328,31,50,49,25,1,41,2,4,11,33,18,31,20,29,25,25,26,24,27,23,27,22,29,20,31,18,33,16,35,14,37,12,39,10,40,10,41,9,41,8,42,7,43,7,42,8,43,7,44,5,44,4,45,4,44,5,43,8,41,7,1,1,40,9,40,9,41,9,41,9,40,10,39,11,38,13,37,13,37,15,34,17,32,20,29,22,27,24,25,27,22,29,21,31,19,32,18,33,18,33,16,35,14,37,4,28
m328,30,52,55,30,1,50,3,36,20,31,21,30,26,25,28,24,30,22,30,22,32,20,33,18,35,17,36,16,36,16,36,16,37,14,39,12,41,11,41,11,42,8,44,8,44,8,43,9,42,9,42,10,42,10,42,9,42,9,43,7,45,7,45,7,45,8,44,7,45,6,46,5,47,5,47,4,47,5,46,7,44,9,42,11,40,13,38,15,37,16,36,17,35,18,33,20,31,22,30,23,29,24,27,28,22,31,20,34,16,37,14,43,8,20
m332,26,49,54,27,1,47,3,45,6,42,7,44,9,30,3,2,15,1,1,26,24,24,29,20,30,19,31,18,31,18,31,17,33,15,34,15,36,9,40,8,40,8,40,9,40,9,40,9,41,7,43,5,45,3,46,4,45,4,45,4,45,4,44,5,44,4,45,3,44,4,44,4,44,6,42,7,41,8,41,8,41,7,42,8,41,11,38,12,37,14,35,15,34,16,33,17,32,18,31,20,28,24,24,26,21,31,18,32,11,40,7,43,5,45,3,21
m335,21,51,52,18,3,4,1,43,9,42,12,39,15,37,16,33,19,31,23,25,28,22,30,2,1,17,33,1,1,15,34,2,1,13,36,15,37,15,36,14,38,13,39,12,40,10,41,10,41,10,42,9,43,7,44,6,45,5,45,5,45,5,46,5,46,4,47,3,48,2,49,2,49,3,48,3,48,3,48,2,49,2,50,2,49,1,50,1,49,3,44,8,42,10,40,14,36,17,33,20,28,24,27,26,25,27,23,29,21,31,20,32,19,42,4,2,1,17
m342,17,44,53,13,1,42,11,32,14,30,19,26,20,22,23,18,1,2,24,16,28,15,32,12,35,8,37,6,41,3,41,3,41,3,41,4,39,4,40,3,41,2,41,2,42,3,41,4,40,4,40,4,40,5,39,5,39,5,39,4,40,4,40,4,41,3,40,4,40,4,40,3,41,3,41,3,41,3,41,3,40,4,40,4,40,5,38,7,36,10,33,13,31,15,28,17,27,19,24,21,22,23,19,26,17,30,2,2,9,35,8,36,6,16
m348,16,43,52,10,1,8,3,30,14,28,16,27,18,3,1,21,23,19,25,17,27,15,31,11,33,10,35,8,36,8,38,6,37,7,36,7,36,7,36,6,36,7,37,6,36,7,35,8,35,7,36,7,36,7,36,6,37,5,37,5,38,4,39,3,40,3,41,2,41,3,40,4,39,4,38,5,37,6,35,7,36,7,36,9,34,10,33,11,31,14,28,16,26,19,24,20,23,21,22,22,21,24,19,25,18,27,15,29,13,31,2,21
m352,20,47,53,28,2,35,13,32,16,29,20,26,22,1,3,20,28,1,1,16,32,14,34,12,35,12,35,12,36,11,37,10,37,10,37,9,38,9,38,9,38,9,38,9,37,10,37,9,38,9,38,9,38,9,39,7,41,5,41,6,40,7,39,8,35,2,2,8,35,12,35,12,35,11,35,11,37,8,39,7,40,9,39,9,38,10,37,11,35,13,34,14,33,15,32,16,31,17,30,18,29,19,28,20,27,21,26,22,23,25,8,3,3,2,5,26,6,11,3,45,1,12
m365,29,43,50,19,1,41,11,31,13,30,13,30,16,24,22,19,25,12,4,1,27,10,33,11,33,10,34,8,35,7,36,7,37,6,38,5,38,5,38,5,39,4,39,3,39,4,39,4,38,4,38,4,38,4,40,3,42,1,301,1,40,3,40,2,41,3,39,5,35,10,32,12,30,14,28,16,25,19,11,9,3,21,9,35,8,36,7,37,6,38,5,40,3,41,2,25
m376,42,45,49,33,1,42,7,27,3,1,15,24,22,18,1,3,23,17,3,1,24,16,29,15,30,14,31,12,33,12,36,10,35,10,35,10,36,9,37,8,37,8,37,8,37,8,37,8,36,9,36,9,36,9,35,9,36,8,37,7,37,7,38,5,40,4,41,3,41,5,39,6,39,7,38,7,38,7,38,9,35,11,33,14,30,16,28,18,26,20,24,22,22,24,20,26,14,32,12,33,11,35,9,37,6,39,1,28
m385,58,40,49,34,1,36,7,33,8,31,10,30,9,24,15,21,19,20,20,19,22,16,23,17,23,16,25,14,26,14,26,13,27,13,27,13,28,12,28,11,29,10,30,10,30,10,30,9,31,8,32,7,33,2,38,1,79,1,39,2,157,2,37,5,34,7,33,8,32,9,30,11,28,13,26,15,24,17,22,19,20,21,17,23,14,27,12,29,9,31,8,33,6,19
m392,79,43,46,29,1,42,2,30,3,8,3,27,18,23,21,19,27,14,31,10,33,7,36,7,37,6,37,6,38,5,39,4,38,5,37,6,37,6,37,5,38,5,38,3,39,4,38,4,38,5,37,7,35,9,33,11,31,13,29,14,28,16,25,19,24,19,23,20,21,23,18,25,17,26,16,28,15,29,14,30,13,30,13,31,12,32,11,32,12,31,13,31,13,30,11,40,2,20
m393,96,42,28,24,8,30,13,22,3,3,15,2,1,17,26,15,28,13,29,12,31,10,32,9,34,4,39,2,40,1,41,1,40,2,39,3,38,3,38,5,34,7,35,7,35,8,33,10,31,12,29,19,22,26,17,31,10,39,4,92,1,1
m399,106,24,23,17,5,16,8,10,1,3,12,7,17,6,17,7,17,7,18,4,20,1,22,1,22,2,21,3,20,5,19,5,19,6,18,5,16,8,14,12,11,14,5,21,3,22,2,23,2,23,1,14
m398,109,39,31,15,4,34,15,23,17,19,20,16,26,12,28,9,31,7,33,5,35,3,37,1,78,1,38,1,77,2,36,4,35,6,33,8,31,10,28,14,25,15,24,17,22,20,19,23,16,24,14,29,10,32,7,33,6,36,3,37,3,2
m393,110,42,29,31,1,40,3,31,14,27,15,18,2,4,21,14,28,12,30,11,31,11,31,11,31,8,36,3,2,1,37,1,82,2,40,3,39,5,37,6,36,9,33,11,30,13,28,16,25,18,23,21,20,23,18,26,15,29,9,34,7,37,3,15
m392,113,48,40,26,6,36,13,31,20,21,32,15,34,13,36,11,38,7,42,5,44,3,45,4,45,3,46,2,94,1,47,1,47,1,47,1,47,1,47,1,47,1,47,1,47,2,46,2,46,2,45,3,44,4,44,4,43,6,41,7,40,9,38,11,36,13,34,14,28,20,26,23,24,25,22,27,20,34,13,40,4,24
m387,113,51,45,32,1,47,8,40,12,38,15,7,1,25,27,23,29,22,29,19,32,4,4,6,38,2,5,6,37,2,6,5,38,3,5,3,40,3,6,1,42,1,101,1,49,3,47,8,42,9,41,10,41,10,41,10,41,9,42,7,44,7,44,6,45,5,46,5,46,5,46,5,45,6,45,6,45,6,45,7,44,7,44,7,45,6,46,5,45,7,44,8,42,10,41,10,40,11,40,11,39,15,30,2,3,8
m387,108,53,50,34,4,49,8,44,10,35,22,29,25,27,26,27,26,27,26,27,26,21,33,19,34,17,37,10,43,5,49,4,50,4,49,3,50,2,51,2,51,2,51,2,51,2,51,3,50,2,52,1,52,1,369,2,51,3,50,4,49,4,48,5,47,6,48,5,47,6,44,9,42,11,41,13,38,16,36,17,35,18,34,19,33,21,31,23,29,25,15,6,2,1,4,17
m378,91,55,57,40,2,48,1,3,4,46,11,43,14,29,4,2,3,2,16,28,28,25,30,25,30,25,31,24,32,23,32,23,32,23,32,22,34,21,35,19,36,18,38,17,39,10,1,4,39,10,3,2,40,7,48,1,2,3,49,1,54,1,54,1,54,1,54,1,54,1,54,1,54,1,54,1,54,2,53,2,53,2,53,2,52,4,51,4,51,5,50,6,48,7,47,9,44,11,43,12,43,13,41,14,40,16,39,16,39,17,38,18,38,17,39,17,39,16,39,17,39,16,2,1,36,17,1,1,31,1,3,21,4,2,3,9,4,3,4,3,1,23,2,4,1,11,2,5,2,12
m371,71,52,56,20,1,51,18,34,22,29,24,28,25,27,26,26,26,25,27,25,28,23,30,21,32,20,33,18,34,18,34,17,35,17,35,18,34,17,36,16,37,15,38,14,38,13,39,13,39,13,39,1,2,10,46,6,49,3,39,1,9,1,41,1,51,1,50,2,49,4,48,4,48,4,48,4,48,5,47,6,45,7,44,9,42,10,41,12,39,14,37,15,36,17,34,19,32,21,31,22,30,23,28,25,27,26,25,27,25,28,23,30,21,32,18,35,14,40,7,25
m359,47,55,61,25,8,44,12,42,15,43,14,2,1,34,21,32,25,29,29,25,31,24,32,20,37,17,38,16,40,15,41,14,42,13,43,12,43,12,43,11,44,10,45,10,45,10,46,8,46,9,45,11,44,11,43,11,43,12,42,14,40,10,1,3,41,10,2,1,42,10,45,9,47,7,48,6,50,5,51,4,51,3,51,4,50,5,51,4,51,4,51,4,50,6,48,8,46,10,43,13,41,15,38,18,35,22,32,24,30,27,28,28,26,31,23,34,21,35,20,37,18,38,17,39,15,41,13,43,11,45,7,24
m346,27,48,62,30,3,42,13,23,27,20,29,18,31,16,33,14,34,13,36,11,38,10,38,9,40,7,40,8,40,8,40,8,41,6,42,6,42,6,42,6,42,6,42,6,42,6,42,6,40,8,40,8,40,8,40,7,42,6,41,7,40,8,40,8,40,8,39,9,39,9,40,7,41,7,41,7,40,7,40,8,40,5,42,6,42,7,41,8,38,11,37,12,36,13,34,15,34,15,33,15,33,16,31,18,30,19,29,21,27,23,22,29,18,31,15,37,11,40,7,43,5,44,5,45,3,46,1,16
m333,12,46,64,22,2,38,8,36,9,37,11,5,3,26,23,19,2,2,25,16,32,13,34,11,36,10,36,10,37,9,38,8,39,6,40,6,39,7,39,7,40,6,41,5,40,6,40,7,39,6,41,4,42,2,44,2,44,3,39,2,2,3,40,5,42,4,42,4,42,4,42,4,43,3,43,2,44,2,44,1,45,1,43,3,42,4,42,4,40,6,40,6,39,7,39,7,39,7,40,6,40,6,40,6,40,6,40,7,39,7,39,7,37,1,1,7,36,10,35,11,34,13,32,15,30,17,27,21,25,22,24,23,9,1,12,26,6,3,4,3,5,26,5,10,4,44,1,17
m315,11,48,62,28,3,2,6,24,8,1,1,2,12,20,29,19,30,18,31,17,31,15,34,13,36,10,39,8,40,7,41,7,41,6,45,3,43,5,43,5,44,4,45,3,44,4,43,5,43,5,43,5,43,5,43,5,43,5,43,5,43,5,42,6,42,7,41,7,40,8,39,8,40,7,40,8,38,10,38,10,38,10,38,10,38,9,38,10,38,9,40,8,40,8,40,9,38,10,38,10,38,10,38,10,38,10,38,14,34,17,31,18,30,20,28,21,28,21,27,22,26,26,22,29,19,32,15,35,10,41,6,45,2,14
m297,12,52,60,19,12,4,1,34,13,1,8,2,2,25,27,24,31,20,34,18,34,17,35,16,37,14,38,14,38,14,39,12,40,12,41,11,41,10,42,10,42,10,42,10,42,10,42,10,42,10,42,10,42,10,41,11,40,12,40,12,40,12,40,11,41,10,43,8,44,7,45,6,46,6,46,6,46,6,46,6,45,6,46,5,47,6,45,7,45,6,44,7,44,7,45,6,47,5,47,5,47,5,45,8,44,9,1,1,41,11,41,11,41,11,40,13,35,17,35,18,33,21,31,23,28,25,26,28,18,35,14,24
m293,15,53,59,24,9,37,17,35,19,33,24,27,29,23,31,2,2,17,39,14,39,13,41,12,41,12,43,10,43,9,43,10,43,9,44,9,44,9,44,8,44,9,44,8,45,8,45,7,46,7,46,6,47,6,47,5,49,4,48,5,48,5,48,5,48,5,49,4,49,5,48,5,47,6,47,6,47,6,47,6,47,7,46,7,46,5,47,6,45,8,44,7,45,7,45,8,44,9,44,9,43,11,42,11,41,13,39,15,38,20,33,21,31,23,19,34,18,35,13,44,5,49,2,36
m297,19,48,54,19,1,45,6,38,16,31,18,28,22,1,2,22,31,5,1,10,34,1,4,8,41,6,41,6,42,7,41,8,40,8,41,8,39,9,40,8,40,9,39,9,38,11,37,10,38,9,39,9,39,9,39,9,39,9,39,9,39,9,39,9,39,9,39,8,41,8,40,8,40,6,42,4,44,3,45,3,45,3,45,2,45,3,44,4,43,4,45,2,47,3,45,4,44,6,41,8,38,11,37,12,30,4,2,13,28,21,26,23,25,23,25,24,23,29,12,20
m299,25,49,54,19,10,2,2,34,15,35,14,33,17,25,26,22,30,19,32,16,34,14,37,12,38,10,39,9,41,7,43,6,44,4,45,3,46,3,46,3,47,2,47,2,47,2,47,2,47,2,47,2,47,2,47,2,47,2,46,3,45,4,45,4,46,3,46,3,46,2,47,2,48,1,48,1,41,3,4,1,42,3,3,1,42,4,1,2,42,6,44,5,44,5,44,6,43,9,38,12,36,15,34,16,33,17,31,19,30,21,23,2,3,22,20,4,2,25,16,6,2,26,14,36,12,20
m304,26,50,55,16,2,47,12,37,18,2,2,27,26,22,29,21,29,20,32,17,33,17,33,16,35,14,37,13,38,12,39,10,41,9,42,8,43,7,43,7,43,7,43,7,43,8,42,8,42,8,43,7,43,7,43,8,42,8,42,8,42,8,42,8,42,7,43,6,43,6,43,6,44,5,45,3,47,3,47,3,47,3,47,2,49,1,49,3,47,4,47,4,46,6,44,7,42,9,40,11,37,14,35,16,33,18,31,22,27,24,25,27,6,5,8,32,2,29
m302,27,53,53,32,3,37,21,31,23,27,27,26,28,24,30,22,32,21,34,18,36,15,39,13,41,12,42,11,43,10,44,9,44,9,44,8,45,8,45,8,45,7,46,7,46,6,47,5,48,5,48,5,48,6,47,6,47,6,46,7,45,8,45,8,45,8,46,7,46,6,47,5,49,2,42,2,7,1,43,3,6,1,44,5,49,5,49,8,46,9,44,12,41,14,36,18,34,21,32,22,32,22,31,23,30,24,17,3,9,25,13,7,2,2,3,27,7,16,2,29,4,1,1,16,1,11
m299,22,56,58,21,14,41,16,40,17,39,19,36,23,31,28,27,29,26,31,24,36,20,37,18,39,14,42,14,42,14,43,13,44,12,45,11,46,10,46,10,46,10,46,9,46,10,46,10,46,9,47,8,48,8,48,8,48,8,45,12,44,12,44,12,45,11,46,10,46,10,47,8,48,7,49,5,51,4,52,3,53,3,53,2,54,1,55,2,53,4,51,7,47,12,44,15,39,20,35,22,34,24,32,25,31,27,29,28,27,31,25,33,23,34,22,36,20,37,16,12
m299,16,53,62,33,1,37,17,34,22,30,24,28,25,27,27,26,28,24,34,19,34,18,36,17,37,15,39,14,39,14,40,13,41,12,42,11,43,10,43,9,44,8,45,7,46,7,46,6,47,6,47,6,47,6,47,6,47,5,48,5,47,6,47,6,46,7,46,7,47,5,48,5,49,4,49,3,50,2,51,1,44,3,50,6,48,7,47,7,47,6,48,6,47,6,41,4,2,7,40,14,40,13,40,13,41,13,41,15,38,17,36,20,31,23,30,25,28,26,26,28,25,29,20,35,17,37,3,51,1,29
m296,10,54,66,31,3,33,2,3,2,1,13,33,24,29,29,25,30,24,31,23,32,20,35,18,37,15,41,12,43,10,44,10,45,9,46,8,47,7,47,6,49,5,49,4,50,4,50,4,50,4,50,4,50,4,50,4,51,3,51,3,51,3,51,3,50,5,48,7,47,7,47,8,47,8,46,9,46,9,45,10,44,9,45,6,1,1,44,7,47,6,49,4,50,3,51,2,51,2,51,4,51,2,51,3,51,4,49,5,48,6,47,8,46,8,46,8,46,10,42,15,39,17,37,20,33,22,31,26,27,28,26,30,24,31,22,33,4,1,15,35,3,52,2,29
m293,9,54,61,21,5,38,2,2,12,37,18,30,34,2,1,17,38,1,2,13,42,11,44,9,46,8,48,6,49,5,50,4,50,4,51,3,51,3,51,2,52,2,52,3,52,2,52,2,52,2,52,3,51,4,50,3,51,2,52,1,51,3,51,3,52,2,52,2,53,1,53,1,53,1,53,1,213,3,51,3,50,4,50,4,50,4,50,4,50,4,49,5,49,5,48,7,46,7,48,7,47,10,44,12,40,16,37,18,35,21,33,22,31,25,27,28,25,31,20,36,17,40,13,42,10,21
m289,7,54,65,29,1,52,4,4,2,37,1,5,15,27,8,3,20,21,11,1,22,18,37,16,41,12,43,10,45,8,46,7,47,6,47,7,47,6,48,6,47,7,48,6,48,6,48,6,48,6,48,6,49,5,49,5,49,6,47,6,48,5,50,3,51,3,51,1,53,1,53,1,52,2,53,1,53,1,53,1,108,1,53,2,52,3,50,4,50,4,50,4,50,4,50,4,50,4,50,4,49,5,48,6,46,8,46,8,47,7,48,6,47,6,47,6,45,11,42,13,40,17,37,20,34,22,31,25,28,27,26,30,20,2,2,31,18,37,13,42,11,23
m292,6,51,70,23,1,49,5,36,1,1,1,6,10,31,26,23,31,20,33,17,36,14,39,11,42,8,43,7,45,6,46,5,46,5,46,4,47,3,48,2,49,2,49,2,47,4,47,4,47,3,48,3,48,3,48,3,48,3,50,1,203,1,50,1,50,1,50,1,50,1,49,2,49,2,48,3,48,4,47,4,47,5,46,5,46,5,46,5,46,5,45,6,44,7,43,8,43,8,43,8,43,8,43,9,42,9,42,9,42,9,43,8,43,7,44,6,45,7,44,11,40,14,37,15,35,18,33,19,31,21,30,23,27,25,20,1,4,27,16,6,1,29,8,45,1,1,3,25
m298,7,50,71,25,1,6,1,41,3,4,7,32,1,2,16,30,21,26,24,22,28,16,2,1,30,17,32,17,32,18,33,17,34,1,2,13,38,12,39,11,40,9,42,7,43,7,44,6,44,6,44,6,44,5,46,4,46,4,46,3,47,3,48,2,48,2,48,2,48,2,48,2,48,2,48,2,49,1,49,1,48,3,47,3,46,3,47,2,48,2,47,3,48,2,48,2,48,2,47,4,47,3,47,3,47,3,47,3,47,4,46,5,45,6,45,5,45,5,45,5,45,5,46,4,45,5,44,6,43,7,42,7,43,6,44,5,44,7,42,10,39,12,37,15,34,17,30,22,27,24,25,27,17,37,3,30
m308,4,53,68,23,2,3,8,38,15,30,24,28,24,27,26,25,30,20,34,18,36,16,38,3,2,9,45,8,46,7,46,6,48,5,48,5,48,5,48,5,48,5,48,5,48,5,49,3,51,2,51,2,51,2,52,1,264,1,52,1,52,1,52,1,52,1,51,2,52,1,51,3,50,4,49,4,49,4,50,4,49,4,49,4,50,3,48,5,48,5,48,5,48,6,47,7,46,6,47,6,47,6,46,7,39,5,1,8,39,14,39,14,40,14,40,12,40,12,40,14,38,16,36,18,31,23,29,29,23,31,21,33,19,35,17,37,15,22
m320,1,56,63,12,27,28,27,28,30,2,3,20,36,19,37,19,38,18,39,16,41,15,41,12,45,11,46,10,47,1,1,7,50,6,50,6,50,6,50,6,50,6,51,5,51,6,50,6,49,7,48,8,48,8,50,6,50,6,50,6,50,5,51,5,51,5,51,5,51,4,52,4,52,4,51,5,51,5,50,7,49,7,49,7,50,6,51,6,49,6,51,5,52,4,52,4,49,6,50,5,50,5,51,4,51,6,50,7,49,7,48,8,47,9,45,10,45,12,44,13,42,15,39,18,37,19,36,21,1,5,28,30,25,32,23,18
m324,1,61,63,16,2,2,29,27,35,25,37,23,43,17,45,15,48,12,50,10,52,8,53,7,54,7,53,8,52,10,51,10,52,9,52,9,52,10,51,10,51,10,51,9,51,10,51,10,51,9,52,6,55,6,55,6,55,6,55,6,55,6,55,5,55,6,55,6,54,7,54,7,54,7,50,1,4,6,49,3,2,7,48,13,49,12,49,14,50,11,50,10,51,10,51,8,52,8,52,8,52,9,52,10,52,10,50,12,48,14,46,16,44,18,42,19,41,21,40,22,38,23,37,25,35,26,35,27,35,27,34,27,33,28,30,20
m323,1,60,66,21,21,36,25,34,27,1,3,28,33,25,36,23,39,20,44,15,46,13,47,12,49,10,51,8,53,6,54,6,53,7,52,8,49,11,49,10,51,9,52,8,52,9,51,9,51,10,50,11,48,9,1,1,49,8,52,7,53,8,52,8,52,7,54,7,54,6,54,6,54,6,54,6,54,6,53,7,53,8,52,8,53,7,46,3,1,1,1,8,45,15,44,16,45,14,46,14,46,14,45,14,45,14,45,15,44,15,44,15,45,15,44,18,41,19,39,23,37,24,35,27,33,28,32,29,31,30,30,31,21,5,2,33,19,42,17,44,15,45,15,46,11,34
m321,4,57,68,30,2,1,2,43,8,1,8,37,21,1,2,32,30,27,31,25,36,20,38,16,42,14,44,12,45,11,45,11,47,10,47,10,49,8,49,8,49,7,49,8,49,8,48,9,48,8,49,7,50,7,50,6,51,5,53,4,53,4,52,5,52,5,52,5,52,5,53,4,53,3,54,2,55,1,55,3,54,3,53,4,53,5,52,7,50,7,50,8,49,8,49,8,49,8,48,9,44,1,2,10,44,2,1,10,44,13,45,12,45,12,43,13,44,12,44,13,43,13,44,14,42,15,40,18,36,21,35,23,34,24,33,24,33,25,32,25,33,24,32,26,30,27,18,40,11,37
m318,8,59,68,33,2,7,1,48,17,42,18,34,30,24,36,20,40,18,42,13,1,1,45,11,48,10,49,9,50,9,50,9,50,8,51,8,50,8,51,8,50,8,51,7,53,6,53,6,53,6,54,5,54,5,54,4,54,5,55,4,55,4,55,4,54,5,53,6,51,8,51,8,52,6,53,5,55,4,55,4,55,4,56,3,56,3,55,4,55,4,55,4,55,4,55,4,55,4,54,5,54,5,54,5,54,5,54,5,53,6,53,6,53,6,52,6,53,6,53,6,53,5,53,6,53,7,47,1,2,10,46,14,44,15,43,16,43,22,36,27,16,7,5,37,4,14,3,57,1,20
m318,7,63,73,37,1,44,10,7,6,39,23,9,1,29,26,3,2,1,4,26,28,1,9,24,40,22,42,21,42,22,41,18,2,1,44,16,49,14,50,1,1,11,51,12,50,13,49,14,49,15,48,8,5,1,49,4,59,4,58,4,59,5,58,5,59,5,58,5,59,5,58,9,54,9,55,8,56,4,58,5,58,5,57,6,56,7,56,9,55,9,54,8,56,5,58,5,58,5,57,6,57,6,56,7,57,6,57,7,55,8,54,9,54,9,53,9,54,9,53,10,53,10,53,10,53,9,54,9,53,10,53,10,50,1,2,10,41,21,42,21,42,21,42,21,42,21,42,21,42,22,41,22,39,24,36,26,37,27,36,28,35,33,14,3,13,35,11,4,2,2,1,3,5,43,1,16,2,25
m316,1,64,73,20,10,7,11,34,13,5,13,27,1,1,36,23,42,1,1,21,45,18,47,16,49,14,51,14,51,12,52,9,1,1,54,7,57,5,59,5,60,4,60,4,60,4,60,3,61,3,60,4,60,4,59,5,59,5,59,5,59,5,59,5,59,5,60,4,60,4,60,4,60,4,60,4,60,4,60,4,61,3,62,3,61,3,62,3,61,4,61,3,61,3,60,4,61,2,62,2,62,2,62,3,61,3,61,2,62,1,126,1,62,2,62,2,61,3,60,5,58,6,58,6,58,6,58,5,59,5,59,5,58,6,57,7,56,8,55,9,55,9,54,11,21,2,28,14,19,10,2,4,12,18,17,50,13,52,11,56,8,57,6,47
m312,1,66,70,3,54,13,54,12,55,11,55,10,57,8,59,7,59,7,59,7,59,6,60,6,61,5,62,4,61,5,62,4,62,4,60,6,60,6,60,6,60,6,60,6,60,6,60,6,59,7,59,7,59,7,60,6,61,5,62,4,63,3,63,3,63,3,63,3,63,3,65,1,65,1,65,1,2,1,62,4,62,4,62,4,62,4,62,7,59,8,58,9,57,8,57,8,58,8,58,7,58,8,57,8,58,7,58,6,57,8,58,8,58,8,59,6,60,7,58,8,58,8,59,7,59,7,59,7,60,6,61,5,62,4,62,4,62,4,37,3,19,8,9,11,8,14,11,14,3,44,1,19,1,61
m307,1,72,69,7,60,11,61,11,61,11,61,10,62,10,62,10,62,10,62,10,62,10,62,10,61,11,61,11,61,11,61,11,61,11,61,11,61,11,61,10,62,9,64,8,64,8,65,7,66,7,65,7,66,7,66,6,66,6,67,5,67,4,68,3,69,2,68,5,67,5,67,5,64,9,62,10,62,10,62,10,62,10,61,11,61,12,60,12,60,13,59,12,60,11,61,10,63,8,65,6,66,6,66,6,65,7,64,7,63,9,63,9,63,9,58,3,1,11,56,17,54,19,54,20,53,18,56,15,63,8,65,8,65,7,66,6,30,1,20,2,13,7,29,2,19,2,2,4,5,10,25,13,1,1,5,2,2,2,1,61,4,2,2,18
m303,1,73,67,5,59,15,58,15,58,1,1,13,60,12,61,12,61,12,61,12,62,11,62,1,1,9,64,10,63,10,64,8,64,7,66,7,66,8,65,8,66,7,65,8,65,8,64,9,65,8,66,7,67,6,66,7,65,8,66,7,67,6,68,5,68,5,68,5,69,4,69,4,68,6,68,5,68,5,67,5,65,8,63,10,62,10,63,10,63,9,63,9,64,9,63,10,62,10,62,11,62,11,63,10,63,10,63,10,63,10,63,12,61,13,60,15,58,18,56,19,52,23,49,25,46,31,40,36,35,41,31,45,24,52,18,58,13,63,9,70,1,31
m296,1,72,70,9,60,12,60,12,60,12,60,12,60,13,60,12,60,12,60,12,60,12,61,11,62,3,2,5,61,4,4,2,62,3,68,5,66,6,65,8,62,10,62,10,62,10,62,10,62,9,63,10,62,10,62,10,62,11,62,10,63,8,64,7,65,5,68,4,68,4,69,4,68,4,68,5,67,6,66,7,65,6,66,5,67,5,66,7,62,9,62,9,62,10,61,10,62,9,63,9,62,11,61,12,61,12,60,13,59,14,58,15,58,15,57,17,55,19,52,21,51,23,49,25,47,28,45,28,45,29,43,30,42,32,39,34,38,36,36,39,34,40,31,43,13,4,6,2,3,45,2,1,4,10,1,7,1,10
m281,1,74,85,22,41,32,41,28,46,27,47,26,48,25,53,20,56,17,60,13,61,12,62,9,66,9,66,8,67,7,67,7,66,8,63,11,63,11,63,11,63,11,63,11,63,11,63,11,63,11,63,11,63,11,63,11,63,10,64,9,64,9,63,10,64,10,64,10,64,10,64,10,64,10,64,10,64,10,64,10,64,10,64,10,64,11,64,9,65,9,65,9,66,8,67,7,67,7,68,6,70,5,69,5,69,5,69,6,66,8,64,10,64,10,64,10,63,10,63,10,64,9,64,9,64,9,65,9,65,9,63,12,62,13,61,14,60,15,59,18,56,21,53,22,52,25,51,25,49,26,49,27,46,31,43,33,43,32,43,33,41,45,29,46,27,48,11,2,12,57,3,2,8,67,3,72,1,17
m272,25,73,89,41,2,9,2,52,11,8,4,41,3,2,21,1,5,40,33,36,38,4,1,29,44,26,47,25,49,24,51,22,51,21,52,20,54,18,55,17,56,16,60,12,62,10,64,8,65,8,65,8,66,7,66,7,66,7,66,7,66,7,66,7,66,7,66,7,67,6,67,6,67,6,67,6,66,7,66,7,66,7,65,8,65,9,64,10,61,12,61,11,61,12,61,11,62,11,63,10,63,10,64,9,65,8,65,8,65,9,64,10,64,9,64,9,64,9,64,9,64,9,62,11,61,12,61,12,61,11,62,11,62,10,63,10,63,10,63,10,63,10,63,10,62,9,63,9,63,9,64,8,64,8,65,8,65,8,65,9,63,11,62,12,65,9,65,9,63,12,59,15,57,18,54,20,52,23,48,28,42,33,37,38,29,49,20,57,12,64,6,35
m279,56,83,102,47,2,68,4,1,11,66,19,60,24,58,27,53,32,48,37,45,41,41,45,35,49,32,52,30,54,29,55,28,56,27,57,25,60,21,67,16,68,15,69,14,70,13,71,12,71,12,72,11,72,10,73,10,72,10,73,10,73,10,73,10,73,11,72,11,72,12,71,12,71,13,70,13,69,14,68,15,67,16,67,16,67,16,66,17,66,17,66,17,66,17,66,17,66,17,66,17,65,18,64,19,64,19,64,19,63,20,62,21,61,22,60,22,61,21,62,21,62,21,62,21,62,21,62,21,62,20,63,20,63,20,63,20,64,13,5,1,65,11,73,9,74,8,75,8,75,10,73,11,73,11,72,12,72,12,70,14,69,16,67,17,65,20,62,22,60,24,58,26,57,27,55,29,53,31,52,33,49,35,47,38,44,40,43,42,40,44,38,48,34,51,31,53,30,55,27,58,24,60,22,63,19,66,16,69,12,73,9,28
m300,96,81,106,28,11,70,12,69,13,68,14,67,15,66,24,57,25,55,27,53,30,2,2,46,35,42,39,41,40,40,41,39,44,37,45,35,47,34,48,32,50,30,53,27,55,25,57,23,59,22,60,21,61,20,62,19,63,17,64,17,65,16,66,14,67,14,68,13,69,12,70,11,71,10,71,10,71,9,72,8,73,7,74,6,75,5,76,4,77,3,78,2,79,1,80,1,80,1,80,1,80,1,80,1,80,1,80,1,80,1,79,2,79,2,79,3,77,4,76,5,75,7,73,8,72,9,72,9,72,9,72,9,72,9,73,8,73,8,73,8,73,6,75,6,75,6,74,7,73,8,72,9,71,10,71,10,72,9,73,8,73,8,73,8,74,6,75,7,74,7,73,9,71,10,70,11,69,13,68,13,67,15,65,16,65,16,65,17,63,19,61,20,60,22,59,22,58,24,56,25,55,27,52,30,49,32,48,33,43,39,38,44,33,49,26,67,6,50
m317,138,85,100,50,4,68,6,4,9,65,25,54,32,52,34,48,38,43,42,37,49,34,51,33,55,29,57,27,59,25,61,24,61,22,64,21,65,20,66,19,67,17,69,16,70,15,71,14,72,12,74,11,74,10,75,10,74,11,75,10,75,10,74,10,75,9,76,9,77,8,78,7,79,6,79,6,79,6,80,5,80,6,79,6,79,6,79,5,80,5,80,4,82,3,83,2,83,2,83,2,83,3,81,4,81,4,81,4,81,4,81,4,81,4,79,6,78,7,77,8,76,9,71,1,3,10,70,15,70,14,71,14,70,15,70,15,69,16,68,17,68,17,68,17,68,17,68,17,68,17,68,17,69,16,70,15,71,13,72,13,72,13,71,14,70,14,71,15,70,14,70,16,69,15,69,17,68,16,68,17,67,18,67,18,66,19,65,20,65,21,64,22,62,24,61,29,55,33,51,35,36,3,10,37,34,4,7,43,27,8,6,46,18,49
m328,157,82,91,52,2,65,6,8,4,63,8,2,1,2,10,51,3,4,29,44,39,34,49,32,50,32,50,31,52,30,53,28,56,24,59,22,62,19,64,17,66,16,65,17,66,16,64,17,65,16,67,15,67,5,1,9,68,2,4,8,69,1,5,6,75,6,75,7,76,6,76,6,75,7,74,8,74,8,74,9,75,7,75,8,74,7,76,5,77,2,80,2,80,2,80,1,81,1,81,1,80,2,80,2,80,2,78,4,77,5,78,3,79,3,79,3,78,4,78,4,78,4,78,5,77,5,76,6,76,7,74,8,73,9,73,10,72,10,72,11,71,11,70,13,69,14,68,14,68,15,67,15,66,17,65,17,64,19,63,20,62,20,62,21,61,21,61,22,60,22,61,21,62,21,62,21,63,19,63,20,62,21,34,7,19,22,33,10,18,22,31,12,17,22,3,3,24,13,16,24,1,5,23,13,7,5,1,1,1,32,20,16,2,1,3,41,17,22,2,43,14,69,3,1,4,45
m330,165,84,89,32,2,83,3,8,12,60,8,3,19,53,33,49,36,47,38,45,40,43,42,40,45,37,48,35,50,33,52,31,54,29,56,28,57,26,61,23,61,22,63,20,64,19,65,19,65,18,67,14,70,13,71,12,72,10,75,8,76,6,78,5,78,4,80,4,80,5,80,5,78,5,79,5,80,4,80,4,81,3,82,3,82,3,81,3,81,3,81,3,81,2,82,2,82,2,82,2,81,3,80,4,80,4,80,4,80,4,80,4,80,4,79,5,78,6,77,6,78,6,78,6,76,8,75,9,70,2,2,10,68,4,2,10,67,5,2,10,66,18,66,18,65,19,64,20,63,22,62,23,61,24,60,25,59,26,58,27,56,29,54,30,53,32,45,40,41,1,1,42,40,45,39,47,37,48,36,50,34,52,31,56,27,58,19,2,4,61,12,74,6,81,2,52
m318,166,75,79,34,1,74,1,74,1,74,1,6,1,65,3,3,8,60,16,1,1,1,1,53,26,47,29,3,2,40,31,1,5,37,39,35,42,32,43,31,47,25,52,22,53,21,54,21,54,20,55,19,56,18,57,18,57,17,58,16,60,14,61,14,61,14,62,13,63,11,65,9,66,8,67,7,68,7,68,6,69,5,70,5,69,5,71,4,70,4,71,2,73,3,71,3,72,2,72,3,71,4,71,5,70,6,69,7,68,8,66,9,65,11,63,13,61,15,60,16,58,18,57,19,55,21,53,23,51,25,49,27,48,27,47,29,45,31,43,33,41,34,40,36,38,38,30,1,3,42,29,46,28,48,26,50,24,51,23,53,21,55,19,56,18,58,16,60,14,61,14,65,10,69,3,38
m307,165,86,82,45,11,71,16,70,17,69,18,67,19,65,21,65,22,64,25,61,26,59,28,57,30,55,32,6,1,2,1,40,39,2,6,38,49,33,55,29,58,28,59,27,59,26,61,25,62,19,4,1,62,19,67,18,69,17,69,17,68,18,68,17,68,16,69,16,71,14,72,13,73,12,74,11,74,12,74,12,73,12,74,11,74,12,74,11,75,10,76,8,78,7,79,6,79,7,79,7,79,7,78,7,78,8,78,8,78,8,78,8,79,7,77,10,75,10,76,11,75,10,76,10,75,14,71,19,67,22,64,24,61,26,59,29,57,30,56,31,55,33,52,36,49,39,47,42,44,43,42,47,39,50,35,53,33,54,33,55,26,62,21,67,18,69,16,73,12,77,8,81,4,83,2,31
m296,155,82,85,40,14,65,17,63,19,62,22,59,24,56,30,49,35,47,36,46,37,42,41,40,43,38,45,36,47,34,49,32,51,30,53,29,54,28,55,27,55,27,56,26,57,25,58,23,60,21,61,21,62,20,63,18,65,17,65,17,65,17,65,17,65,16,66,15,67,14,68,13,70,11,71,10,72,9,73,9,73,9,73,8,74,7,75,6,76,5,77,5,77,4,77,4,78,3,79,2,80,1,81,1,80,3,78,4,78,5,76,6,76,6,75,8,73,10,71,11,70,12,69,14,67,15,66,16,66,17,65,18,64,18,63,20,62,21,61,22,60,23,59,24,58,26,55,28,53,33,48,37,44,39,43,42,39,46,35,50,30,53,28,56,25,58,19,64,7,2,4,71,4,6,1,72,2,40
m284,140,81,90,38,1,79,3,77,8,74,8,74,8,72,10,1,4,66,16,56,26,53,30,47,1,2,32,45,37,43,39,43,41,40,42,39,43,37,46,33,49,31,51,29,52,30,51,31,51,32,49,32,49,32,49,32,53,28,54,27,55,27,55,26,55,25,56,24,57,23,58,22,59,21,60,20,61,19,62,18,64,16,66,15,67,14,68,12,70,10,71,9,72,8,73,5,75,5,76,4,76,6,75,6,74,6,74,6,74,6,74,6,74,8,73,10,71,11,70,12,69,13,68,14,67,15,66,16,64,17,63,19,62,20,60,21,59,22,59,23,58,23,58,23,57,24,57,25,55,26,55,26,55,27,53,29,47,35,45,37,43,39,42,40,40,42,38,46,34,48,32,51,29,54,26,56,20,64,16,66,14,69,10,74,6,78,2,38
m264,121,83,89,42,1,81,3,79,5,78,5,75,11,72,11,67,21,52,37,45,40,42,41,40,45,38,46,36,47,35,49,34,50,31,53,30,54,29,55,28,56,27,57,26,57,26,56,27,56,27,57,26,58,26,60,24,60,24,59,24,59,24,59,24,59,25,58,25,58,25,58,25,58,25,58,25,58,25,59,24,60,22,62,20,63,19,65,17,66,16,67,15,69,13,70,12,71,11,71,11,71,12,70,13,70,9,74,8,75,7,77,7,76,7,77,6,78,5,80,3,80,3,79,3,80,1,82,1,82,1,82,2,80,5,75,9,71,13,69,15,65,19,63,21,59,25,58,26,57,27,56,28,55,28,54,31,51,33,49,35,47,37,39,45,37,47,35,50,32,52,30,55,27,57,25,61,21,66,16,79,1,38
m245,98,85,91,51,1,83,3,81,5,9,1,64,3,2,6,8,2,60,18,5,3,56,24,1,5,48,37,46,39,44,43,41,45,34,53,31,55,30,56,28,58,26,59,24,61,22,64,21,65,19,67,17,69,15,70,16,69,17,68,18,67,18,66,19,65,20,65,20,65,20,65,20,65,20,66,19,67,18,67,17,68,16,69,16,69,16,69,16,68,16,69,16,69,15,70,14,71,13,72,13,73,12,74,10,76,9,77,8,78,7,78,6,80,4,81,4,82,3,83,2,83,1,84,1,84,1,77,8,74,10,75,11,75,11,1,1,72,14,72,13,74,11,74,11,73,12,70,14,70,15,69,16,68,16,67,19,67,19,67,20,66,20,67,19,69,18,67,19,66,21,64,22,63,23,62,25,60,26,58,28,55,31,50,36,47,39,45,42,41,46,34,52,32,55,29,57,7,47
m231,77,87,95,40,2,9,3,72,6,3,7,61,1,8,8,1,10,58,3,3,23,5,1,51,31,2,7,37,2,7,42,35,3,2,49,32,55,32,56,32,55,31,55,31,56,29,58,28,60,26,62,25,62,24,64,23,65,21,66,21,67,20,68,18,70,16,71,15,72,14,73,14,73,13,75,12,75,12,75,13,74,13,74,13,75,12,76,11,77,10,78,8,80,7,80,7,80,7,80,7,80,7,80,7,80,6,80,7,79,8,79,8,79,8,80,7,81,6,81,6,82,5,82,4,84,3,85,2,85,2,85,2,85,2,86,1,86,1,86,1,85,2,84,3,83,4,82,5,81,6,80,7,79,8,78,9,77,10,76,11,76,12,75,13,74,12,75,11,77,10,78,8,80,8,80,7,80,8,79,9,77,12,75,13,74,15,72,17,69,21,66,22,64,25,61,28,58,31,55,33,53,36,50,39,41,3,2,43,36,52,34,57,4,8,1,42
m220,51,90,104,44,2,87,5,75,4,5,10,70,28,57,2,2,29,50,3,3,34,49,43,46,42,47,45,43,51,38,53,36,56,34,56,33,58,31,59,30,61,1,1,27,64,25,66,23,68,21,70,1,2,15,75,14,77,12,79,12,78,13,77,14,75,15,75,15,75,15,75,15,75,15,75,14,76,14,77,13,77,13,76,14,76,14,77,12,79,11,79,11,80,9,82,8,81,8,82,6,84,6,84,6,85,5,85,5,84,6,84,6,84,6,84,6,84,6,84,6,85,5,85,5,85,5,86,4,86,4,87,3,88,2,90,1,89,2,88,2,88,2,88,1,179,1,89,1,172,7,82,8,81,9,81,9,81,9,81,10,80,11,75,1,3,11,74,3,3,9,74,5,2,9,75,3,2,13,73,20,69,23,67,26,64,29,61,31,59,32,57,35,54,39,50,42,47,45,44,47,42,50,39,52,37,54,35,56,33,59,30,61,28,64,20,71,18,73,16,75,10,82,6,85,4,42
m209,19,92,118,42,1,90,5,86,6,86,6,86,9,82,14,65,2,10,16,64,4,5,21,61,6,1,32,52,41,50,43,2,2,43,50,41,53,38,57,34,59,32,63,28,66,25,68,23,70,21,71,21,72,16,77,15,78,14,76,16,78,14,80,11,81,11,81,11,81,11,81,11,80,12,79,12,79,13,78,13,79,13,80,12,80,12,80,12,81,10,83,8,84,8,85,7,85,7,85,7,85,7,86,6,86,8,84,8,84,8,83,9,81,11,81,11,81,12,80,12,79,13,79,13,79,13,78,13,79,11,81,10,82,9,84,7,85,7,86,5,88,4,88,5,87,6,87,6,86,7,86,9,83,9,83,9,83,9,84,8,85,7,84,8,83,9,82,10,81,11,81,10,82,9,81,11,80,11,80,13,79,14,77,16,75,18,74,19,75,17,74,19,73,20,72,20,71,22,69,24,68,25,67,27,65,29,62,31,61,33,59,34,57,36,55,38,54,40,52,41,51,42,48,46,45,48,43,50,33,2,6,53,31,2,2,58,30,63,28,66,26,68,23,71,21,72,19,87,3,90,1,33
m191,1,98,122,37,12,86,12,86,13,7,1,74,17,3,5,69,30,68,30,65,37,60,42,3,4,47,46,1,8,42,57,39,61,36,63,35,64,34,64,34,66,29,69,29,70,28,70,1,1,26,73,24,78,19,80,17,82,15,83,15,84,14,83,14,83,14,83,15,82,16,82,16,81,17,81,16,83,14,85,13,85,13,85,13,85,13,85,13,86,12,86,11,87,11,87,11,87,11,88,10,88,10,89,9,88,10,87,11,87,10,89,9,89,9,89,9,89,9,89,9,90,8,90,8,89,9,87,11,87,11,86,12,86,12,86,12,87,8,90,5,94,3,95,3,95,4,94,4,95,2,97,1,97,2,96,2,96,2,97,1,97,1,97,2,96,3,93,1,1,4,92,7,91,8,89,10,87,13,84,15,83,16,80,1,1,17,79,1,1,18,78,21,77,22,75,24,73,26,72,27,71,28,69,30,66,33,65,34,64,35,64,35,63,35,63,36,61,38,59,40,57,42,56,43,56,42,56,43,55,44,53,45,53,46,51,48,49,51,46,53,45,54,40,59,39,60,38,62,36,63,31,69,29,70,28,72,26,76,21,80,18,84,11,29
m176,1,98,334,14,74,24,74,24,74,24,74,23,75,23,76,21,77,21,76,22,77,21,78,20,81,16,82,15,83,14,85,12,87,11,89,8,91,7,91,7,91,7,91,7,90,8,90,7,91,7,90,8,90,8,90,8,90,8,89,9,89,8,90,8,90,8,90,8,90,8,90,7,91,7,90,7,91,7,91,7,89,9,89,9,89,9,90,8,90,8,90,8,90,8,90,9,88,10,87,11,87,11,88,10,88,10,88,10,88,10,90,8,91,6,93,4,94,4,94,5,93,5,94,4,94,4,93,4,94,3,95,2,96,2,97,1,97,2,96,4,94,4,94,2,96,1,96,2,91,7,90,8,89,10,88,11,87,12,86,13,86,13,86,13,84,14,83,16,81,18,80,18,80,19,79,19,79,19,72,3,3,22,69,5,2,23,68,32,66,33,65,34,64,35,63,36,62,37,61,39,58,41,57,43,55,44,54,45,53,47,50,49,49,51,47,54,44,55,42,59,33,2,2,63,29,5,1,66,19,80,14,86,10,93,4,21799
m157,1,93,334,14,61,32,61,31,63,29,65,27,67,25,68,25,68,24,70,22,71,21,73,20,75,18,78,15,80,13,81,12,81,12,81,12,81,11,82,11,82,11,82,10,83,9,84,9,2,3,78,15,78,15,78,15,78,15,79,14,81,12,81,12,81,12,79,10,83,8,85,7,86,6,87,6,87,6,87,6,87,6,88,5,89,5,88,6,87,6,88,4,89,3,90,3,91,2,91,2,92,1,277,1,91,2,91,2,90,3,89,4,88,5,87,6,86,7,85,9,83,10,83,11,82,12,82,10,83,10,82,12,81,14,84,10,84,10,83,11,82,12,81,13,80,14,79,15,78,16,77,16,77,17,71,23,69,24,68,26,67,27,65,28,65,28,65,29,64,29,64,29,64,30,63,30,62,31,61,32,60,34,55,38,55,38,55,38,55,39,57,36,56,37,55,39,54,39,55,39,54,40,53,41,52,42,51,43,50,43,50,44,49,45,48,46,46,48,44,50,21,2,19,52,7,1,11,6,15,54,1,1,3,2,10,11,2,1,7,20667
m139,1,99,118,18,59,40,61,38,63,36,64,34,66,33,67,32,68,28,72,26,74,25,75,24,75,22,76,23,76,23,77,22,79,19,82,16,83,15,85,13,86,13,86,13,86,13,85,13,86,13,87,12,87,12,87,12,87,12,87,12,88,11,88,11,88,11,88,12,87,12,87,12,87,12,87,15,84,15,84,15,86,13,86,13,86,13,86,13,86,12,87,11,88,11,91,9,90,9,90,9,89,10,89,10,89,10,89,10,89,10,89,10,87,12,86,12,87,12,87,11,86,10,89,9,90,9,89,8,91,7,92,7,92,8,91,8,91,8,91,9,91,8,91,8,91,9,91,8,91,8,91,8,91,8,91,9,90,10,89,11,87,13,85,15,83,17,82,18,81,18,81,19,80,20,79,20,74,26,71,28,72,28,69,31,68,31,68,32,67,33,66,33,67,32,68,32,67,32,67,33,66,33,70,30,72,28,71,28,70,29,69,31,68,31,68,32,66,34,65,34,65,35,63,37,62,37,62,39,58,47,51,53,44,59,36,66,29,79,13,31
m134,2,103,124,27,2,100,4,99,6,10,3,84,5,8,8,2,3,4,2,71,5,2,2,2,22,7,5,59,4,1,28,3,11,56,31,4,17,52,52,51,52,51,51,49,54,48,56,47,57,46,58,43,60,42,60,43,61,41,62,41,63,40,63,40,63,39,63,35,2,2,65,33,70,3,1,28,73,1,2,26,78,24,80,23,81,21,82,21,82,24,79,24,81,22,81,2,2,18,85,18,85,18,85,18,86,17,86,17,86,17,86,18,86,17,86,16,87,16,87,15,88,16,87,16,87,16,87,16,87,15,88,14,89,13,90,12,90,12,91,11,93,10,93,11,92,11,92,11,92,11,92,11,92,11,91,12,91,11,92,11,92,11,92,11,91,13,91,12,91,12,91,13,90,13,91,10,96,6,98,4,99,3,100,2,98,1,1,3,98,5,96,7,95,8,95,8,95,8,94,9,97,6,97,6,96,8,94,9,94,8,95,8,95,8,95,7,95,7,96,7,91,1,3,9,88,16,87,17,86,18,85,19,84,20,83,21,82,22,81,23,81,23,80,24,79,25,77,26,77,27,76,28,75,29,74,30,73,31,70,34,76,29,73,31,71,33,67,37,63,41,61,43,58,46,54,50,50,56,40,67,34,74,26,38
m139,15,103,122,58,7,94,10,91,13,74,6,9,19,57,1,5,18,3,21,54,26,2,22,51,53,49,55,43,62,40,66,1,1,34,70,32,76,27,77,26,79,23,82,20,84,14,2,2,85,14,89,14,89,14,89,14,90,13,90,13,90,12,91,11,92,11,92,11,94,9,94,9,94,9,94,9,95,7,96,7,96,7,96,6,97,6,97,7,97,6,97,6,97,6,97,6,98,5,98,5,98,6,97,7,96,7,95,8,95,8,95,8,94,9,94,9,94,6,98,5,99,4,99,4,100,3,100,3,100,2,100,3,100,3,100,3,100,3,100,3,100,3,100,3,100,4,99,4,99,4,98,5,98,5,98,5,96,7,95,8,95,7,87,2,5,9,87,5,1,10,87,16,87,16,87,14,89,14,89,14,89,14,89,14,89,15,88,16,86,17,85,18,83,21,81,22,81,22,82,21,83,21,82,21,82,21,82,21,81,22,81,23,80,23,80,24,79,25,77,27,75,29,73,31,72,32,71,33,70,34,69,35,67,36,67,37,65,39,64,40,63,41,62,42,12,1,48,45,9,2,47,48,6,2,47,49,5,2,47,52,2,2,47,56,47,58,45,61,10,1,30,69,2,2,2,1,2,9,15,74,2,13,2,1,6,30
m143,20,100,125,55,3,1,2,1,2,87,10,1,7,3,1,62,5,2,31,57,43,45,2,2,51,44,3,1,55,39,61,37,64,33,68,32,69,31,70,30,74,26,79,20,80,19,81,19,81,19,82,18,83,17,83,17,82,18,82,18,82,17,83,17,83,17,84,16,85,15,86,13,88,12,89,11,90,10,90,10,90,9,92,8,92,8,92,8,92,7,93,7,93,7,93,7,93,7,93,7,93,7,93,6,94,6,94,5,95,5,95,5,95,5,95,5,95,5,97,3,97,3,98,1,99,1,99,1,99,1,299,1,99,2,98,2,98,2,98,2,95,5,95,5,95,5,94,6,95,5,95,5,95,5,94,6,95,5,95,5,95,6,94,6,93,7,92,9,91,10,90,10,88,12,87,12,87,12,87,13,88,11,89,10,89,11,89,10,91,9,91,12,88,13,87,16,83,20,79,23,77,24,76,26,73,28,72,29,70,31,69,32,68,33,67,34,66,35,65,35,65,36,64,37,64,36,64,36,64,37,63,37,63,37,63,37,63,38,62,38,61,39,60,41,58,43,48,4,3,47,46,5,1,49,45,58,41,60,39,63,37,64,37,64,35,82,17,27
m142,25,111,129,60,17,69,23,2,18,67,46,65,50,60,57,54,57,52,1,1,57,48,1,2,61,46,66,45,66,46,66,45,66,44,68,39,73,2,2,33,79,31,83,27,85,25,87,24,88,22,91,19,93,17,94,17,95,15,97,14,97,14,97,14,96,15,93,1,2,15,92,19,93,18,91,1,1,18,91,20,91,20,92,19,92,19,92,18,93,18,93,18,93,17,93,18,94,17,95,15,96,15,96,15,96,14,97,15,96,14,97,13,98,13,98,13,99,12,99,12,99,12,99,12,100,12,100,11,100,12,97,14,97,14,97,15,95,17,94,17,94,18,93,18,93,18,91,20,91,20,91,20,91,20,90,21,90,21,91,20,91,20,91,19,93,17,94,17,94,16,95,16,95,15,95,16,95,16,94,16,94,17,92,18,93,18,92,18,92,18,92,18,93,18,93,17,93,18,93,17,93,18,92,19,92,16,95,16,94,18,92,20,91,21,90,22,89,23,88,24,87,25,86,26,85,27,84,28,84,28,83,29,82,30,79,1,1,31,77,3,1,31,74,39,71,43,68,44,67,46,65,47,64,48,62,52,59,55,53,61,50,64,47,68,43,72,39,75,36,78,33,84,27,87,6,1,6,3,5,97,4,2,1,37
m144,20,118,144,42,1,116,3,2,6,106,17,14,1,86,18,12,4,85,20,4,2,2,7,79,26,1,12,1,5,71,48,2,3,63,57,61,66,43,76,40,79,38,80,37,82,34,84,33,86,31,87,30,87,31,88,29,90,27,94,1,1,21,98,20,99,19,100,18,101,17,101,18,101,17,102,16,101,17,101,17,101,17,100,18,101,17,102,16,103,14,104,13,105,12,107,11,106,11,106,11,108,10,107,11,107,11,107,11,107,13,105,13,105,13,105,13,105,14,102,15,103,14,104,13,107,10,108,10,108,10,108,10,108,10,109,9,109,9,109,9,109,8,110,8,111,7,110,8,106,2,1,9,105,13,105,13,105,13,106,12,107,11,109,9,110,8,111,7,110,8,109,9,108,10,108,11,107,12,107,11,107,11,108,10,108,10,108,10,109,9,109,9,109,9,109,9,109,9,110,7,110,7,110,7,109,9,109,7,111,6,107,1,4,5,106,4,3,5,106,5,1,5,107,11,107,12,105,14,103,16,102,17,100,19,99,20,97,21,96,23,95,24,95,23,95,23,93,26,91,28,89,29,90,28,91,28,89,30,88,31,86,32,86,33,85,34,83,36,82,37,81,38,80,39,79,40,78,40,78,41,77,42,75,44,74,46,69,50,67,52,65,54,57,1,5,56,55,3,2,59,53,67,51,68,50,69,49,72,43,1,2,73,42,1,1,76,40,1,1,78,38,82,35,86,17,1,2,1,2,1,1,3,3,89,14,12,2,41
m152,11,118,144,43,1,117,2,7,2,13,2,92,1,8,5,7,2,1,3,91,16,2,11,82,2,4,32,1,2,76,42,73,47,70,53,64,59,58,61,55,63,54,64,53,69,47,74,44,75,42,75,40,1,1,76,39,79,39,80,30,1,6,82,29,1,5,84,28,3,3,85,27,3,3,85,27,91,27,91,27,92,26,93,25,94,24,95,23,96,22,96,22,96,22,97,21,97,21,97,21,97,21,98,20,98,20,97,22,96,22,97,20,98,20,97,20,98,20,99,19,100,18,100,16,102,15,103,14,104,13,105,11,107,10,108,9,110,8,110,8,108,10,113,5,113,5,113,5,113,5,113,5,112,6,112,6,112,6,112,6,112,6,113,5,113,5,112,7,111,7,110,8,111,7,111,7,111,7,111,7,111,6,112,6,112,6,112,6,112,6,112,6,112,7,112,7,111,8,109,9,109,9,108,10,109,9,112,6,113,5,114,3,116,3,114,5,112,7,110,9,109,10,109,10,108,11,106,13,103,1,1,14,101,18,97,21,96,23,95,24,94,25,92,27,90,29,88,31,86,33,79,1,4,36,70,1,4,44,69,4,1,45,68,51,57,5,4,53,55,9,1,54,53,66,53,66,52,67,51,68,50,69,49,70,48,71,47,72,46,72,46,73,45,74,44,75,43,76,42,77,40,79,39,80,37,83,35,84,33,86,32,87,31,89,29,90,28,93,25,94,24,97,20,100,17,104,7,112,4,52
