m411,384,10,108,3,4,3,9,1,9,1,9,1,9,1,9,1,9,1,9,1,9,1,9,1,9,1,9,1,9,1,9,1,9,1,139,1,9,1,9,1,9,1,9,1,9,1,9,1,9,1,9,1,210,1,9,1,9,1,9,1,9,1,9,1,9,1,9,1,9,1,9,1,8,1,9,1,9,1,9,1,9,1,9,1,9,1,9,1,9,1,9,1,9,1,50,1,9,1,9,1,9,1,9,1,9,1,9,1,8,2,9,1,9,1,9,1,9,1,8,2,7,3,7,3,7,3,7,3,7,3,8,2,8,2,8,3,7,3,7,3,7,4,5,6,3,3
m402,382,15,109,5,6,9,7,8,8,7,8,7,8,7,8,7,8,7,8,6,9,6,10,5,10,5,10,5,10,5,10,4,11,4,11,4,11,4,11,4,11,4,11,4,11,4,11,3,12,3,12,3,12,3,12,3,12,3,12,3,12,3,12,3,12,3,12,3,12,3,12,4,11,4,11,4,11,4,12,3,12,3,12,2,13,1,14,1,14,1,14,1,14,1,14,1,14,1,14,2,13,2,13,2,13,2,13,2,13,2,13,2,13,2,13,2,13,2,13,2,13,2,13,2,12,3,12,3,12,3,12,2,12,3,12,3,12,3,12,3,12,3,12,3,12,3,12,3,12,3,11,4,11,4,11,4,11,4,11,4,10,5,10,5,10,5,10,5,10,5,10,4,11,4,11,4,11,5,10,5,10,6,9,6,9,6,9,6,9,6,9,6,9,6,9,6,9,6,8,7,8,8,8,7,8,7,8,7,8,7,8,7,8,8,7,8,7,9,5,11,3,6
m391,382,16,111,10,1,14,6,10,7,9,7,8,8,8,8,8,7,9,7,9,7,9,7,8,8,8,8,8,8,8,8,8,9,7,9,7,9,6,10,6,10,6,10,6,10,6,10,6,10,5,11,5,11,5,11,5,11,5,11,5,11,5,11,5,10,6,10,6,10,7,10,6,10,5,11,5,11,5,10,6,10,6,10,5,11,5,11,5,11,5,11,5,11,5,11,5,11,4,12,4,12,4,12,4,12,4,12,4,12,3,13,3,12,4,12,4,12,4,12,4,12,4,12,3,13,3,13,3,13,3,13,3,13,3,13,2,14,2,14,2,13,3,13,3,12,4,12,4,12,4,12,4,12,4,12,5,11,4,12,4,12,4,12,4,12,4,12,4,12,4,12,4,12,4,11,5,11,5,11,5,11,5,11,5,11,5,11,5,11,5,10,6,10,6,10,6,10,6,10,6,10,6,9,7,8,8,7,9,7,9,7,9,7,9,7,9,7,9,7,9,7,10,5,12,3,11
m381,393,24,106,17,3,20,5,18,7,17,7,17,7,17,7,17,7,16,8,16,9,15,9,14,11,13,11,13,11,13,11,13,11,13,11,13,11,13,10,14,10,14,10,13,11,13,11,13,11,12,12,12,12,12,12,11,13,11,13,10,14,10,14,10,14,10,14,9,15,9,15,9,15,9,14,9,15,9,15,9,15,9,15,8,16,8,16,8,16,8,16,8,16,8,16,8,15,9,15,9,15,8,16,8,15,8,16,8,16,8,17,7,17,6,18,6,17,7,17,7,17,7,17,7,17,7,17,7,16,8,16,8,16,7,16,8,16,8,15,9,15,9,15,9,15,9,15,9,15,8,16,8,15,9,15,9,15,9,15,9,15,9,15,9,15,9,15,9,15,9,14,10,14,10,14,10,14,10,13,11,13,11,12,12,12,12,12,12,11,12,12,12,12,12,12,12,13,11,13,11,13,12,11,13,11,13,10,14,10,14,9,16,7,18,3,18
m379,400,31,112,24,4,26,6,24,8,22,9,22,9,21,10,21,11,20,11,19,12,19,11,20,11,20,11,19,12,19,12,18,13,18,13,18,13,18,13,18,13,17,14,16,15,16,14,16,15,16,15,16,15,15,16,15,16,15,15,16,15,15,16,15,16,15,16,15,16,15,16,15,16,14,17,14,17,14,17,14,17,14,17,14,17,13,18,12,19,11,20,11,19,12,19,12,19,12,19,12,19,12,19,12,18,13,18,13,18,13,18,12,19,12,18,13,18,13,18,12,19,12,19,12,18,13,18,13,18,12,19,12,19,12,19,12,19,12,18,13,18,13,18,12,19,12,19,11,20,11,20,11,20,10,21,10,21,9,22,9,21,10,21,10,21,10,21,10,21,10,20,11,20,11,20,11,19,12,19,12,18,13,18,13,17,14,17,14,16,15,15,16,15,16,15,16,14,17,14,17,13,18,13,18,13,18,13,18,12,19,12,20,10,20,11,20,10,20,10,21,9,22,8,24,6,26,4,25
m393,398,31,116,21,7,23,9,21,11,19,12,18,13,17,15,15,16,15,16,14,17,14,17,14,16,14,17,14,17,14,17,14,17,15,16,14,17,14,17,13,18,12,19,11,20,11,20,10,21,10,21,10,21,10,21,9,22,8,23,8,22,9,22,9,22,9,21,9,22,9,22,9,22,9,22,9,22,9,22,9,22,9,22,9,22,9,23,8,23,8,23,7,24,7,24,6,25,6,25,5,26,5,26,5,26,5,26,4,27,4,27,4,26,4,27,4,27,4,27,4,27,4,27,4,27,4,27,4,27,3,28,3,28,3,28,3,28,3,28,3,28,3,28,3,28,3,27,4,27,4,27,4,27,4,27,4,27,4,27,4,27,4,27,4,26,5,26,5,26,5,26,5,25,6,25,6,25,6,25,6,24,7,24,7,24,7,23,8,23,8,22,9,22,9,21,10,21,10,20,11,20,11,20,11,19,12,19,12,18,14,17,14,16,15,16,16,14,17,14,17,13,18,13,19,12,19,11,21,9,22,7,25,5,27,3,22
m396,400,32,116,19,6,25,8,23,10,22,11,20,13,19,13,18,15,16,17,15,17,14,18,13,19,12,20,12,20,12,20,12,20,11,21,11,21,11,21,10,22,10,22,10,23,8,24,8,24,7,25,7,25,7,25,6,26,6,26,5,27,5,27,5,27,5,27,5,27,4,28,4,28,4,28,4,28,4,28,3,29,3,29,3,28,4,28,3,29,3,29,3,29,3,29,3,29,3,29,3,29,3,29,3,29,3,29,2,30,2,30,2,30,2,30,2,29,3,29,3,29,3,29,3,29,3,29,3,29,3,29,3,29,3,29,3,29,3,29,3,29,3,29,2,30,2,30,2,30,2,30,2,30,2,30,2,30,2,29,3,29,3,28,4,28,4,28,4,27,5,27,5,27,5,27,5,27,5,27,5,26,6,25,7,26,6,26,6,26,6,25,7,25,7,25,7,24,8,24,8,24,8,24,8,24,9,22,10,22,10,22,10,21,12,20,12,19,13,19,13,19,14,17,15,17,16,15,18,13,20,11,22,8,25,5,19
m405,401,31,114,17,6,23,9,21,11,20,12,19,13,17,14,16,16,15,16,14,17,14,17,14,17,13,18,13,18,12,19,11,20,11,20,10,21,10,22,8,23,8,23,8,23,8,23,8,23,8,23,8,23,7,24,7,25,6,25,6,25,6,25,6,25,6,25,6,25,6,25,5,26,5,26,5,26,5,26,5,26,5,26,4,27,4,27,4,27,4,27,4,27,3,28,2,29,2,29,2,29,2,29,2,29,2,29,2,29,2,29,2,29,2,29,2,29,2,29,2,30,1,30,1,30,1,30,1,30,1,30,1,30,1,29,2,29,2,29,2,29,2,29,2,29,2,29,1,30,1,30,1,30,1,30,1,30,1,30,2,29,2,29,2,29,2,29,2,29,2,28,3,28,3,28,3,27,4,27,4,27,4,26,5,26,5,26,5,26,5,25,6,25,6,24,8,23,8,23,8,23,8,22,10,20,11,20,12,18,13,18,14,16,15,16,15,16,16,14,17,14,18,13,19,11,21,9,23,7,26,4,15
m424,396,34,117,13,6,27,8,25,10,24,11,23,11,23,11,22,13,20,14,19,16,18,17,17,17,16,19,15,20,14,21,13,22,12,22,12,22,11,23,11,23,11,24,10,24,9,25,9,25,9,25,9,25,8,26,8,26,8,26,8,26,8,26,7,27,7,27,7,28,6,28,5,30,4,30,4,30,4,31,3,31,3,31,3,31,3,31,3,31,3,31,3,30,4,30,3,31,3,31,2,32,2,32,2,33,1,33,1,33,1,33,1,33,1,33,1,33,1,33,1,33,1,33,1,33,1,33,1,306,1,33,1,33,1,33,1,32,2,32,2,32,2,32,2,32,2,32,3,31,3,30,4,30,4,30,4,30,5,29,5,29,5,29,6,28,6,28,6,28,6,28,6,28,6,28,6,28,7,27,7,27,7,26,8,26,9,25,10,23,11,23,11,23,11,22,13,21,14,19,15,19,16,18,17,17,18,15,18,16,18,16,18,16,19,14,21,12,23,9,26,7,12
m443,396,26,119,12,4,20,8,17,10,15,12,13,14,11,15,11,15,10,16,10,17,8,18,8,18,7,19,7,20,6,20,6,20,6,20,6,20,6,20,6,20,6,20,6,20,5,22,4,22,4,22,4,22,4,22,4,22,4,22,4,22,4,22,4,23,3,23,3,23,3,23,3,23,3,23,3,23,3,23,3,23,3,23,3,23,3,23,2,24,2,25,1,25,1,25,1,25,1,25,1,25,1,25,1,25,1,25,1,25,1,25,1,25,1,25,1,25,1,414,1,25,1,25,1,25,1,25,1,25,1,25,1,25,1,25,1,25,1,25,2,24,2,24,2,24,2,24,2,24,2,24,2,24,2,24,2,24,2,24,2,24,3,22,4,22,4,22,4,22,5,21,5,21,5,20,7,19,7,19,7,19,7,19,8,18,8,17,9,17,9,17,10,15,11,15,11,14,13,12,15,11,15,11,16,10,17,9,18,7,20,5,9
m450,397,22,119,12,6,15,8,13,10,12,11,10,12,9,13,9,13,8,15,7,15,6,16,6,16,6,16,6,16,5,17,5,17,5,17,5,17,5,17,5,17,5,17,5,17,5,17,5,17,5,17,4,18,4,18,4,18,4,18,4,18,4,18,4,18,4,18,4,18,3,19,3,19,3,19,3,19,3,19,3,18,4,18,4,18,4,18,4,18,4,18,4,18,4,18,4,18,4,18,4,18,4,18,4,17,5,17,5,17,5,18,4,19,3,19,3,19,3,19,3,19,3,19,3,19,3,19,3,19,3,19,3,19,3,19,3,19,3,19,3,19,3,19,3,19,3,19,3,19,3,19,3,19,3,19,2,20,1,196,1,21,1,21,1,21,1,20,2,20,2,20,2,20,2,20,2,20,3,19,3,19,4,18,4,18,4,17,5,17,5,17,6,15,7,15,7,15,7,14,8,14,8,14,8,13,9,13,9,13,9,14,8,14,8,14,9,12,11,10,13,9,14,7,16,5,9
m448,390,25,121,15,3,21,5,19,8,17,9,16,10,15,10,14,12,13,12,12,13,12,13,12,13,12,13,12,13,11,14,11,14,11,14,11,14,11,14,10,15,10,15,10,15,9,16,9,16,9,16,9,16,9,16,9,17,8,17,7,18,7,18,7,18,6,19,6,19,6,19,6,19,6,19,6,19,6,19,6,19,6,19,5,20,5,20,5,20,5,20,4,21,4,21,4,21,4,21,4,21,3,22,3,22,3,22,3,22,3,22,3,22,3,22,3,22,2,23,2,23,2,23,2,23,2,23,2,23,2,23,2,23,2,23,2,23,2,23,2,23,2,23,2,22,3,22,3,22,3,22,3,22,3,22,3,22,2,23,2,23,2,23,2,23,2,23,2,23,2,23,2,23,2,23,1,24,1,24,1,24,1,24,1,24,1,24,1,24,1,24,1,24,1,23,2,23,2,23,2,22,3,22,3,22,4,21,4,21,4,21,4,21,4,21,4,20,5,20,5,19,6,19,6,18,7,17,9,15,10,15,11,14,12,13,12,12,14,11,14,10,16,8,18,6,12
m448,388,28,118,17,5,19,10,17,11,17,11,16,13,15,13,14,14,13,16,12,16,11,17,10,19,9,19,9,19,9,19,9,19,9,19,8,20,8,20,8,20,8,20,8,20,8,20,8,20,8,21,6,22,6,22,6,22,6,22,6,22,5,23,5,23,5,23,5,23,5,23,5,23,5,23,5,23,5,23,4,24,4,24,3,25,3,25,3,25,3,25,2,26,2,26,2,26,2,26,2,26,2,26,2,26,1,27,1,27,1,27,1,195,1,27,1,27,1,27,1,27,1,27,1,27,1,27,1,27,1,26,2,26,2,25,3,25,3,25,3,25,3,25,3,25,3,25,4,24,4,24,4,24,4,24,4,24,4,24,4,23,5,23,5,22,6,22,6,21,7,20,8,20,8,20,8,20,8,20,8,20,8,19,9,19,9,18,10,18,10,18,10,18,10,17,11,17,11,17,11,16,12,16,12,15,13,15,13,14,14,13,15,13,15,13,16,11,18,10,18,9,20,8,21,6,24,4,17
m450,383,30,122,15,4,25,7,22,9,21,11,19,12,17,14,16,14,15,16,14,16,14,16,14,16,13,17,13,17,12,18,11,19,11,19,11,19,10,20,10,21,8,22,8,22,8,23,6,24,6,24,6,24,5,25,4,26,4,26,4,26,3,27,3,27,2,28,2,28,2,28,2,28,2,28,2,28,2,28,2,29,1,29,1,508,1,29,1,29,1,29,1,29,1,29,1,28,2,28,2,28,2,28,2,28,2,28,2,28,2,28,2,29,1,29,1,29,2,28,2,28,2,28,2,28,2,28,2,28,2,28,2,28,2,27,3,27,3,26,4,25,5,25,5,25,5,24,6,24,6,23,7,23,7,23,7,23,7,23,8,22,8,21,9,21,9,21,9,21,9,21,9,21,9,21,10,19,11,19,11,19,11,19,11,19,11,18,12,18,12,17,13,17,13,17,13,16,14,16,15,14,16,14,16,13,18,11,19,10,21,8,23,6,25,4,18
m472,376,29,120,12,7,20,10,19,11,17,13,16,14,15,14,15,15,14,15,13,16,12,17,12,17,12,17,11,18,11,18,11,18,11,18,11,19,9,20,9,20,9,20,9,20,9,20,8,21,8,21,8,21,7,23,6,23,6,23,6,23,5,24,5,24,5,24,5,24,5,24,5,25,4,25,4,25,3,26,3,26,3,26,3,26,3,26,3,27,2,27,1,28,1,28,1,782,1,28,1,28,1,28,1,28,1,28,1,28,1,28,1,28,1,27,2,27,2,27,2,27,2,27,3,26,3,26,3,26,3,26,3,26,4,25,4,24,5,24,5,24,5,24,5,23,6,23,6,23,7,21,8,21,8,20,9,20,9,19,11,18,11,18,12,16,13,16,14,14,15,14,15,14,15,14,15,14,16,13,17,11,18,11,18,10,20,8,22,6,24,4,14
m495,360,26,127,11,4,21,8,17,11,15,12,13,14,12,15,10,17,9,17,9,17,8,18,7,18,7,19,7,19,7,19,7,19,7,19,7,20,6,20,6,20,6,21,5,21,5,21,5,21,5,21,5,21,5,21,4,22,4,22,4,22,4,22,4,22,4,22,4,22,4,22,4,22,4,22,4,23,3,23,3,23,3,23,2,24,2,24,2,24,2,24,1,25,1,25,1,25,1,25,1,25,1,25,1,25,1,25,1,25,1,25,1,25,1,25,1,25,1,25,1,25,1,25,1,25,1,25,1,25,1,25,1,25,1,25,1,25,1,25,1,25,1,25,1,25,1,25,1,24,2,24,2,24,2,24,2,24,1,25,1,25,1,25,1,25,1,25,1,24,2,24,2,24,2,24,2,24,2,24,2,24,3,23,3,23,3,23,3,22,4,22,4,22,4,22,5,21,5,21,5,21,5,21,5,21,5,21,5,21,6,20,6,19,7,19,7,19,7,19,7,19,7,18,8,18,8,17,10,16,10,15,11,15,11,15,11,15,11,15,11,15,12,13,14,12,14,12,15,10,17,9,17,8,19,6,21,4,12
m507,362,26,125,13,3,22,8,17,10,16,11,14,12,13,14,12,15,10,16,10,16,10,17,8,18,8,18,8,18,8,18,7,20,6,20,6,20,6,20,6,20,5,21,5,21,5,21,5,21,5,21,5,21,5,21,5,21,5,21,5,21,4,22,4,22,4,22,4,22,4,22,4,22,4,22,4,22,4,22,4,22,4,22,4,22,4,22,4,22,4,22,4,22,4,22,4,22,4,22,4,22,3,23,3,23,3,23,3,23,3,23,3,23,3,23,3,23,3,23,3,23,3,23,3,23,3,23,3,23,3,23,3,23,3,23,3,23,2,24,2,24,2,24,2,24,2,24,2,24,2,24,2,24,2,24,2,24,2,23,3,23,2,24,1,25,1,25,1,25,1,103,1,25,1,25,1,25,1,25,1,25,1,24,2,23,3,22,4,22,4,22,4,22,4,22,4,22,4,22,4,21,5,21,6,20,6,19,7,19,7,18,8,18,8,18,8,18,8,18,9,17,9,17,9,16,10,16,10,15,11,15,12,14,12,14,13,13,13,13,14,11,15,10,17,8,19,6,13
m507,368,25,120,16,7,17,9,15,11,13,12,13,12,13,12,12,13,12,13,12,13,11,14,11,13,12,13,12,13,12,13,12,13,12,13,11,14,11,14,11,14,11,14,11,14,10,15,10,15,10,15,10,16,8,17,8,17,8,16,9,16,9,16,9,16,9,16,9,16,9,16,8,17,8,17,8,17,8,16,8,17,8,18,7,18,7,18,7,18,6,20,5,20,5,20,5,20,5,20,5,20,4,21,4,21,4,20,5,20,5,20,5,20,5,20,5,20,5,20,5,20,5,20,5,20,5,20,5,20,5,21,4,21,4,21,4,20,4,21,4,21,4,21,4,21,4,21,4,21,4,21,4,21,4,21,4,21,4,20,5,20,5,20,4,21,4,21,3,21,4,21,4,21,4,21,4,20,5,20,5,19,6,19,6,19,6,18,7,18,7,18,7,18,7,18,7,17,8,17,8,17,8,17,8,17,8,17,8,16,9,16,9,15,10,15,10,15,10,15,10,14,11,14,11,14,10,14,11,13,12,13,12,12,13,12,14,11,14,11,15,9,17,7,15
m503,368,29,118,22,3,24,6,22,8,20,10,18,12,16,13,15,14,15,14,14,14,15,14,15,14,15,14,15,14,15,14,15,14,15,14,14,15,14,15,14,15,14,15,14,15,13,16,12,17,12,17,11,18,11,18,11,19,9,20,9,20,9,20,9,20,9,20,9,20,8,21,8,21,8,21,8,21,8,21,8,21,8,21,8,21,8,21,8,21,8,21,8,21,7,22,7,21,8,21,8,21,8,21,8,21,8,21,7,21,8,21,8,20,9,20,9,20,9,20,9,20,8,21,7,21,8,21,8,21,8,21,8,21,7,21,8,21,8,21,8,21,8,21,7,22,7,22,7,22,7,22,6,23,6,23,6,23,6,23,6,23,6,23,6,23,6,23,6,22,7,22,7,22,7,22,7,21,8,21,8,21,8,21,8,21,8,20,9,20,9,20,9,19,10,19,9,20,9,20,9,19,10,19,10,19,10,18,11,18,11,18,11,17,12,17,12,17,12,16,13,16,14,14,15,14,15,13,16,12,18,11,19,9,20,9,21,7,23,5,19
m507,364,31,118,15,5,25,7,23,11,19,13,17,15,16,15,16,16,15,17,15,16,15,16,15,17,13,18,13,19,12,19,11,20,11,20,10,21,10,21,9,22,9,22,9,22,9,22,9,22,8,23,8,24,7,24,7,24,6,25,6,25,6,25,6,25,5,26,5,26,5,26,5,26,4,27,3,28,3,28,3,28,2,29,2,29,2,29,2,29,2,29,2,29,2,28,3,28,3,28,3,28,3,28,3,28,3,28,3,28,3,28,3,28,3,28,3,28,3,28,3,28,2,29,2,29,2,29,2,29,2,29,2,29,2,29,2,29,2,28,3,28,3,27,4,27,4,27,4,27,4,27,4,26,5,26,5,26,5,26,4,26,5,26,5,26,5,26,5,26,5,25,6,25,6,25,6,25,6,24,7,24,7,24,7,24,7,23,8,23,8,23,9,22,9,21,10,21,10,21,10,21,10,20,11,20,11,20,11,20,11,20,11,19,12,19,12,19,12,19,12,18,13,17,14,16,15,16,16,14,18,12,20,11,21,10,23,7,25,5,18
m511,367,32,117,17,3,28,5,25,8,23,10,21,11,21,12,19,13,19,14,17,16,15,17,14,19,13,19,13,20,11,21,11,22,10,22,10,22,10,23,9,23,8,24,8,25,7,25,7,25,7,25,7,25,7,25,7,25,7,25,7,25,6,26,6,27,4,28,4,28,4,28,4,28,3,29,3,29,3,29,3,29,3,29,3,29,3,29,3,29,3,29,2,30,2,30,2,30,1,31,1,31,1,31,1,31,1,31,1,62,1,31,1,31,1,31,1,31,1,31,1,31,1,31,1,31,1,31,1,31,1,31,1,31,1,31,1,31,1,31,1,30,2,30,2,30,2,30,2,30,2,30,3,29,3,29,3,29,3,29,3,28,4,28,4,28,4,28,4,28,4,28,5,27,5,27,5,27,5,27,5,26,6,26,6,26,6,25,7,25,7,25,7,24,8,24,8,24,8,23,10,22,10,21,12,20,12,20,12,20,12,19,13,19,13,19,13,19,14,17,15,17,16,15,17,14,18,13,20,11,22,9,24,7,26,5,17
m521,371,32,115,12,8,23,10,21,12,19,14,17,16,15,17,14,18,13,20,11,21,11,21,11,22,9,23,9,23,9,23,9,23,9,24,8,24,7,25,7,25,7,25,7,25,7,25,7,25,7,25,7,25,6,26,6,26,6,27,5,27,5,27,5,27,5,28,4,28,4,28,4,28,4,29,3,29,3,29,3,29,3,29,3,29,3,29,3,29,3,29,3,29,3,29,3,29,2,30,2,30,2,30,2,30,2,30,2,30,2,30,2,30,2,30,2,30,2,30,2,31,1,31,1,31,1,31,1,31,1,31,1,32,1,31,1,31,1,31,1,31,1,31,1,31,1,31,1,31,1,31,1,31,1,31,1,31,1,31,1,31,1,31,1,31,1,31,2,30,2,30,2,30,2,30,2,30,2,30,2,30,2,30,2,30,3,29,3,29,3,29,3,29,3,28,5,27,5,26,6,26,6,26,7,24,8,24,8,24,8,24,8,24,9,23,10,22,10,21,11,21,12,19,14,17,16,15,18,11,22,9,24,7,12
m534,375,28,114,12,3,23,7,20,9,18,11,17,11,16,12,15,14,14,15,12,16,11,18,10,18,10,18,9,19,9,20,8,20,8,20,7,21,7,22,6,22,6,22,5,23,5,23,5,23,5,24,4,24,4,24,4,24,4,24,4,25,3,25,3,25,3,25,3,25,3,25,3,25,3,25,3,25,3,25,3,25,3,25,3,25,3,25,3,25,3,25,3,25,3,25,3,25,3,25,3,25,3,25,3,26,2,26,2,26,2,26,2,26,2,26,2,26,2,26,2,26,2,26,2,26,2,26,1,27,1,27,1,27,1,112,1,27,1,27,1,27,1,27,1,27,1,27,2,26,2,26,2,26,3,25,3,25,3,25,3,25,3,25,3,25,3,25,4,24,4,24,4,24,4,23,5,23,5,23,6,22,6,22,6,22,6,22,6,22,6,22,7,21,7,21,7,20,8,20,8,20,8,20,9,19,9,19,9,19,10,18,10,18,11,16,13,14,15,13,16,11,18,9,20,6,8
m541,383,25,113,11,4,18,8,16,10,14,11,13,12,12,14,10,15,10,16,8,17,8,17,8,18,7,18,6,20,5,20,5,20,5,20,5,20,5,20,5,20,5,20,5,20,5,21,4,21,4,21,4,21,4,21,4,21,4,21,4,21,4,21,4,21,4,21,4,22,3,23,2,23,2,23,2,23,2,23,2,23,2,23,2,22,3,23,2,23,2,23,2,23,2,23,2,23,2,23,2,23,2,23,2,23,2,23,2,23,2,23,2,23,1,75,1,23,2,23,2,23,2,24,1,24,1,24,1,24,1,24,1,24,1,24,1,24,1,24,1,24,1,24,1,24,1,24,2,23,2,23,2,23,2,23,2,23,2,23,2,22,3,22,3,22,4,21,4,21,4,20,5,19,6,19,6,19,6,19,7,18,7,18,7,18,7,17,9,16,9,16,9,16,9,16,9,15,10,15,10,15,11,14,11,14,11,14,11,13,12,13,12,13,13,12,14,11,15,10,15,10,16,8,18,6,8
m551,381,25,123,11,3,20,6,18,8,16,10,15,10,14,12,13,13,11,14,11,15,9,16,9,16,8,17,7,18,7,18,6,19,6,19,6,19,6,19,6,19,6,20,5,20,5,20,5,20,5,20,5,20,5,20,5,20,5,20,5,20,5,20,5,20,5,21,4,21,4,21,4,22,3,22,3,22,3,22,3,22,3,22,2,23,2,23,2,23,2,23,2,23,2,23,2,23,2,23,2,23,2,23,3,22,3,22,2,23,2,23,2,23,3,22,3,23,2,23,2,23,2,23,2,23,2,23,2,24,1,24,1,24,1,24,1,24,1,24,1,24,1,24,1,24,1,24,1,24,1,24,1,24,1,24,1,24,1,24,1,24,1,23,2,23,2,23,2,23,2,23,3,22,3,22,3,22,3,22,4,21,3,22,3,22,3,22,3,22,3,22,4,21,4,21,4,21,4,21,4,20,5,20,5,20,5,19,6,19,6,19,6,19,6,19,6,19,6,19,6,19,6,19,6,19,7,18,7,18,7,18,8,16,9,15,10,15,11,14,12,12,13,12,14,10,16,8,18,5,10
m559,387,29,115,9,4,24,7,21,9,19,11,18,11,17,12,16,14,15,14,15,14,15,14,15,14,15,14,14,15,14,15,14,15,14,16,12,17,12,18,11,18,11,18,11,18,11,18,10,19,10,20,9,20,9,21,8,21,8,21,8,21,7,22,7,23,6,23,6,23,6,24,5,24,5,24,5,24,5,25,4,25,4,25,4,25,4,25,4,25,4,25,4,25,4,25,4,25,4,25,4,25,4,25,4,25,4,26,3,26,3,26,3,26,3,26,3,27,2,28,1,261,1,28,1,28,1,28,1,28,1,28,1,28,1,28,2,27,2,27,2,27,2,27,2,27,3,26,3,26,3,26,3,26,4,25,4,25,5,24,5,24,5,24,5,24,5,23,6,23,6,23,7,22,7,22,7,22,7,22,7,22,8,21,8,21,8,20,9,20,9,20,9,20,9,19,11,18,11,18,12,17,13,16,13,16,14,14,15,13,17,11,19,9,21,7,23,5,9
m562,382,34,118,7,4,29,8,25,10,23,12,22,13,20,14,20,14,19,15,18,17,17,18,16,18,16,19,15,19,15,19,15,20,14,20,14,20,14,20,14,20,14,20,14,20,14,21,13,21,13,22,12,22,11,23,11,24,10,24,10,24,10,25,9,25,9,25,9,25,9,25,9,25,9,25,10,25,9,25,9,25,9,26,8,26,8,26,8,27,7,27,7,28,6,28,6,28,6,28,6,29,5,29,5,29,5,30,4,30,4,31,3,31,3,31,4,30,4,30,4,31,2,33,1,33,1,33,1,32,2,32,3,31,3,32,2,32,3,31,3,31,3,31,3,31,3,31,3,31,3,31,4,30,4,30,4,30,4,30,4,30,4,30,4,30,5,29,5,29,5,29,5,29,6,28,6,28,6,28,6,28,7,27,7,27,8,26,8,26,9,25,10,24,10,24,10,24,11,23,11,23,12,22,12,22,12,22,12,22,12,22,12,22,12,22,13,21,14,20,15,19,16,18,16,18,17,17,18,15,20,14,21,12,23,10,25,7,28,4,7
m564,376,42,110,4,6,35,8,33,10,32,11,30,13,28,15,27,16,26,16,26,17,25,18,24,19,23,20,22,21,21,21,21,22,20,23,19,23,19,24,18,24,18,25,17,25,17,26,16,26,16,26,16,26,16,27,15,27,15,28,14,28,14,28,14,28,14,29,13,29,13,30,12,30,12,31,11,31,11,31,11,31,11,31,12,30,12,30,12,31,11,31,11,32,11,31,11,31,11,32,10,32,11,31,11,32,10,32,11,32,10,32,11,32,10,32,10,32,10,33,9,33,10,32,10,33,9,34,8,34,8,34,8,34,8,35,8,34,9,33,9,33,9,33,9,33,10,32,10,31,11,31,11,31,12,31,12,30,12,30,13,29,13,29,13,29,13,29,14,28,14,28,14,28,15,27,15,27,16,27,15,27,16,26,16,26,17,24,19,23,19,23,19,23,19,23,20,22,20,22,20,22,21,21,22,20,23,19,24,18,24,18,25,16,27,15,28,14,29,13,30,11,32,9,4
m564,370,49,109,5,6,42,8,40,10,38,12,37,13,36,14,34,16,33,17,32,17,32,18,30,20,29,21,28,21,28,22,27,23,26,24,25,24,25,24,25,25,24,25,24,26,23,27,22,27,22,27,22,28,22,27,22,28,21,28,21,29,20,30,19,30,19,30,19,31,19,30,19,30,19,30,19,30,20,30,19,31,19,30,20,30,19,30,19,31,18,31,19,30,19,31,18,31,18,32,17,32,18,31,18,32,18,31,18,31,18,31,19,30,19,31,18,31,19,31,19,30,19,31,18,32,17,32,17,32,17,32,17,32,17,32,17,32,18,31,19,31,19,30,20,29,21,29,20,30,19,31,19,30,19,30,20,30,19,30,19,30,20,29,20,30,20,29,21,28,21,28,22,27,22,27,23,26,23,26,24,25,24,25,25,24,25,24,26,23,26,23,26,23,27,22,27,22,28,21,28,21,29,20,30,19,32,17,32,17,33,15,35,14,36,13,37,11,39,9,41,6,5
m558,365,49,105,4,3,45,8,40,10,38,12,36,14,35,15,34,15,34,15,34,16,33,17,32,17,32,18,31,18,31,19,30,20,29,20,29,20,29,21,28,22,27,23,26,23,26,24,26,23,26,24,25,24,26,24,25,24,25,25,24,25,25,24,25,25,24,25,24,26,24,25,24,26,24,25,24,25,24,26,24,26,23,27,22,27,22,27,23,27,22,27,23,27,22,27,22,27,23,27,22,27,23,27,22,27,22,27,23,27,22,27,23,26,23,27,23,27,22,27,23,26,24,26,24,25,24,26,23,27,23,26,23,26,23,26,23,27,23,26,23,27,23,26,24,25,24,25,25,24,25,24,26,24,26,23,26,23,26,23,27,22,27,22,27,22,28,22,28,21,28,21,29,21,28,21,29,20,29,20,29,20,30,19,31,18,31,18,32,17,33,16,34,16,33,16,34,15,34,15,35,14,35,14,35,14,36,12,38,11,39,9,42,6,3
m555,368,48,101,2,6,41,8,39,10,38,10,38,11,37,12,36,13,35,14,34,15,33,15,34,14,34,15,33,16,32,16,32,16,32,17,31,17,32,17,31,18,30,18,30,18,30,19,29,20,28,20,29,19,29,20,28,20,29,20,28,20,28,21,28,20,28,21,28,21,28,21,27,21,27,21,28,20,28,20,29,19,30,19,29,20,29,19,29,19,29,20,29,20,29,20,28,20,29,20,28,20,28,20,28,20,28,20,29,20,28,20,29,19,29,19,29,20,29,19,29,20,28,20,29,19,30,18,31,18,31,17,31,17,32,16,32,16,33,15,33,16,32,16,33,15,33,16,33,15,33,15,34,15,33,15,34,14,34,15,34,14,35,14,34,14,34,15,34,14,35,14,35,13,36,12,37,11,37,11,37,11,37,11,38,10,39,10,38,10,38,10,39,10,39,9,40,9,40,8,40,8,41,6,43,4,2
m543,373,49,101,2,3,45,5,43,7,42,8,41,8,42,7,42,8,41,8,42,8,41,8,42,8,41,8,41,8,42,9,40,10,39,11,38,11,38,11,39,10,39,11,39,11,38,11,38,12,37,12,38,12,37,12,37,12,37,13,37,12,37,12,38,12,38,11,38,12,38,11,38,11,39,10,39,11,38,11,39,11,38,12,37,12,37,12,38,11,38,12,38,11,38,12,37,12,38,12,38,12,37,13,37,12,38,12,38,12,37,12,38,11,39,10,39,11,39,10,40,10,39,10,39,10,40,9,40,10,39,10,39,11,39,10,39,11,39,10,39,11,39,10,40,9,40,9,40,10,40,9,41,9,40,10,40,9,40,9,41,8,42,8,41,8,41,8,42,7,42,8,41,9,41,8,41,8,42,8,41,8,41,8,42,8,41,9,41,8,41,9,41,8,41,8,41,9,41,8,42,7,43,5,45,3,2
m552,376,46,95,0,5,42,5,40,7,39,7,39,8,39,8,39,7,38,8,40,7,39,7,39,8,38,8,39,8,39,7,39,7,39,7,39,8,38,9,38,9,37,10,36,10,37,10,36,10,36,10,36,11,35,12,35,11,35,12,35,11,35,11,36,11,35,11,34,12,34,13,33,13,34,13,34,12,36,11,36,10,36,10,37,10,37,9,38,8,38,9,37,9,38,9,37,9,37,10,36,10,36,10,37,10,36,10,37,9,38,9,38,9,37,9,37,10,37,9,38,9,37,9,37,9,38,8,38,9,37,9,37,10,37,10,36,10,37,9,37,10,36,11,36,11,36,10,37,10,36,10,36,10,37,10,36,11,36,10,37,9,37,9,37,9,38,9,38,8,39,7,39,7,40,6,40,7,39,7,39,7,39,8,38,9,38,8,38,8,39,6,41,4,2
m550,371,51,94,2,3,47,5,45,7,44,9,42,10,42,10,42,9,42,9,43,9,42,10,41,10,42,9,42,10,41,10,42,9,42,10,41,10,42,10,41,10,41,11,41,11,40,12,40,11,41,12,39,13,39,13,38,13,39,13,38,13,38,13,38,13,38,14,38,13,38,14,38,14,37,14,38,13,38,14,37,14,37,14,38,14,38,14,37,15,36,15,36,15,37,15,37,14,38,13,38,13,39,12,39,13,39,12,40,12,40,11,40,12,40,12,39,13,39,13,39,13,39,12,39,12,40,10,42,10,42,9,42,10,42,10,41,10,42,10,41,11,41,10,42,10,42,9,42,10,42,9,42,10,42,9,42,10,42,9,42,10,41,10,41,10,42,9,43,9,42,10,41,10,42,9,42,9,43,8,43,9,43,8,43,8,44,7,45,5,47,3,2
m554,364,57,94,2,5,51,7,49,9,48,9,48,10,47,11,47,11,47,10,48,11,47,11,46,12,46,11,46,12,46,11,47,11,46,12,45,12,46,12,45,12,46,12,45,13,45,13,44,13,44,14,43,14,44,15,42,16,41,17,40,17,41,17,41,17,40,17,40,18,40,18,39,18,40,18,39,18,40,17,41,17,40,17,41,16,42,16,41,16,42,15,42,16,42,15,42,15,42,16,42,15,42,15,42,16,42,16,41,17,40,18,40,17,41,17,40,18,39,18,40,18,40,18,39,18,40,17,40,17,41,16,41,17,41,16,42,15,42,15,43,14,44,14,44,13,45,12,46,11,47,11,47,11,46,12,45,12,46,11,46,12,46,11,46,11,47,11,46,11,46,12,46,12,46,12,45,12,46,12,46,11,47,11,46,11,47,10,48,8,51,5,2
m556,365,55,90,2,4,50,6,48,9,46,11,44,12,44,12,44,11,45,11,45,11,44,12,43,12,44,11,44,12,43,13,43,13,42,14,41,15,40,16,39,17,38,17,39,16,39,16,40,16,39,16,40,16,39,16,39,16,40,16,40,15,40,16,39,17,39,16,39,17,39,17,39,17,39,16,39,17,39,16,40,15,41,15,41,14,42,14,41,14,42,14,42,14,41,15,40,16,40,15,40,16,40,15,40,15,41,14,41,14,42,14,42,13,43,12,44,12,44,12,44,12,43,13,43,13,42,13,43,13,42,13,42,14,42,13,42,13,43,13,42,13,43,13,43,12,43,13,43,12,44,11,44,12,43,13,43,12,44,11,45,10,45,10,46,10,46,9,47,8,47,9,47,9,46,9,46,9,47,8,48,6,51,3,2
m548,363,54,95,2,5,48,7,46,9,45,9,45,10,44,10,45,9,46,9,45,10,45,10,44,11,44,11,44,11,44,11,43,12,43,11,43,11,44,10,44,11,43,11,44,11,43,12,42,12,42,13,42,13,42,13,41,14,40,15,40,15,39,15,39,15,39,16,38,16,38,17,38,16,39,16,38,16,38,17,38,16,39,16,39,15,39,16,39,15,39,15,39,15,40,15,39,15,40,15,39,16,38,16,39,15,40,15,39,16,39,16,38,17,37,17,38,16,39,16,38,16,39,16,38,17,38,16,38,17,37,18,37,18,36,18,37,17,38,17,38,16,39,15,39,16,39,15,40,15,39,15,40,15,39,15,40,14,41,13,41,13,41,13,42,12,42,13,42,12,42,12,43,10,45,9,45,10,45,10,45,10,45,9,46,9,46,8,47,7,48,5,50,3,2
m558,358,48,91,2,3,44,7,40,9,39,10,38,12,36,13,36,13,35,13,36,13,35,13,35,13,35,14,34,14,34,15,33,15,34,15,33,15,33,15,34,15,33,16,33,15,33,16,32,16,33,15,33,16,32,17,32,16,32,17,31,17,31,18,30,19,29,19,29,20,28,20,28,21,27,21,28,21,28,21,27,21,27,22,27,21,27,22,26,22,26,22,27,21,27,22,27,22,27,21,27,21,28,21,27,21,28,21,28,21,27,22,27,21,28,20,28,20,29,20,28,21,28,20,29,20,28,20,29,19,30,18,31,17,31,17,31,18,31,17,31,17,31,18,31,17,31,18,31,17,32,17,31,17,32,17,32,16,32,16,33,15,34,15,33,15,34,14,34,13,35,13,36,13,36,13,36,12,36,12,37,11,38,9,43,4,2
m564,357,43,86,3,4,38,8,34,10,33,11,32,11,31,13,30,14,29,15,28,16,27,16,27,17,27,17,26,17,26,18,25,19,24,20,24,19,24,19,25,19,24,19,24,19,24,19,24,19,24,20,23,20,24,19,24,20,23,20,23,20,24,20,23,20,23,21,23,20,23,20,23,21,23,21,22,22,21,22,21,23,20,23,21,23,20,23,21,22,21,23,21,22,22,21,22,22,22,21,22,21,22,22,22,21,23,21,22,21,22,22,22,21,23,20,23,21,23,20,23,21,22,22,22,21,23,21,23,20,23,20,23,20,24,20,24,19,24,19,24,19,25,18,26,17,27,16,28,15,28,16,27,16,28,15,29,14,29,14,30,14,29,14,30,13,31,12,32,11,34,9,35,7,38,4,2
m558,338,42,91,2,4,37,6,35,8,34,9,33,10,32,12,30,13,29,14,28,16,27,16,26,17,25,17,25,17,25,17,25,18,24,19,23,19,24,19,23,20,22,20,23,19,23,20,22,21,21,21,21,21,21,22,20,22,20,22,20,22,21,22,20,22,20,22,21,22,20,22,20,22,20,23,19,23,20,22,20,23,20,23,19,24,19,23,19,23,19,24,18,25,18,25,17,25,18,25,18,24,18,25,17,25,18,25,17,25,17,25,18,24,18,24,19,23,20,22,20,22,20,23,19,23,20,23,19,23,20,22,21,22,20,22,20,22,21,21,21,21,22,21,21,21,21,21,22,20,22,20,22,20,23,19,24,18,25,17,25,17,26,17,26,16,27,15,27,15,28,13,30,11,32,11,31,11,32,10,33,9,34,7,37,4,3
m553,335,41,88,2,5,35,7,33,9,32,11,30,13,28,14,27,15,26,16,25,17,24,18,23,19,22,20,21,20,21,20,21,21,20,21,20,21,21,20,21,21,20,21,20,21,21,20,21,20,21,21,20,22,20,22,19,23,18,23,18,24,18,23,18,23,18,24,18,23,18,24,17,24,17,25,17,25,16,25,17,25,16,25,17,25,16,25,16,25,17,25,16,25,16,25,17,24,18,23,18,24,17,25,16,25,17,25,16,26,15,26,16,25,16,25,16,25,17,24,18,23,18,23,18,23,19,23,19,22,20,22,19,22,20,21,21,20,21,20,21,20,21,21,21,20,21,20,21,20,21,20,22,19,22,19,23,18,23,18,24,17,25,16,25,16,26,15,27,13,29,12,30,10,33,7,35,5,37,3,5
m552,335,43,91,4,3,39,5,37,7,35,8,34,10,33,10,33,10,33,11,32,12,32,12,31,12,31,14,30,14,29,15,28,15,28,16,27,17,26,17,26,18,25,18,25,19,24,19,24,20,24,19,24,19,24,20,23,21,23,21,22,22,21,22,21,23,21,22,22,22,22,21,22,21,22,22,21,23,20,23,20,24,20,23,20,24,19,24,19,25,19,24,19,24,19,24,20,24,20,23,20,24,20,23,20,24,19,24,20,23,21,22,22,22,21,23,21,22,21,22,22,22,22,21,22,22,22,21,22,21,22,22,21,22,22,21,22,22,22,21,22,21,23,20,24,19,25,18,25,18,26,17,26,17,26,17,26,17,26,17,26,18,26,17,26,17,27,16,28,15,28,14,29,14,30,14,30,13,31,12,32,11,33,9,36,6,2
m558,359,42,91,2,4,37,6,35,8,34,9,33,10,32,11,31,11,31,11,31,12,30,13,30,13,29,14,28,15,27,16,26,17,25,17,26,17,25,17,25,17,25,18,24,18,24,19,23,20,22,20,23,20,22,21,21,21,21,22,20,22,20,23,19,23,20,22,20,23,19,24,18,25,17,25,17,26,17,25,17,25,18,24,18,25,18,24,18,25,17,26,16,26,17,26,16,26,17,25,17,26,16,27,16,26,16,26,16,26,17,26,16,26,17,25,18,24,19,24,18,24,19,24,18,24,19,23,19,23,20,22,21,22,20,22,21,21,22,21,21,21,22,20,23,19,23,20,22,20,23,19,24,18,25,17,26,16,26,15,27,15,28,14,29,13,29,14,29,13,29,13,29,12,30,11,32,11,32,10,34,8,35,6,37,4,3
m555,359,43,92,2,3,39,5,37,8,35,9,34,10,33,11,33,10,33,11,33,10,33,11,32,12,31,12,31,13,30,14,30,13,30,14,29,14,29,15,28,15,28,16,27,17,26,17,26,17,27,17,26,17,26,18,25,19,24,19,25,19,24,20,23,21,23,21,22,21,22,21,23,20,24,20,23,20,23,20,23,21,23,21,22,21,23,20,23,20,23,21,22,21,23,21,22,23,21,23,21,23,20,23,21,22,21,22,21,23,20,23,21,23,20,23,21,22,21,22,21,23,21,22,21,22,22,21,23,20,23,21,22,21,23,20,24,20,23,20,24,19,24,19,24,19,24,19,24,19,25,18,25,19,25,18,25,18,26,17,26,18,26,17,26,17,26,17,27,16,28,15,29,13,31,13,30,13,31,12,32,11,33,10,35,7,38,4,2
m556,363,42,85,2,4,37,6,35,8,34,8,34,9,33,10,33,10,32,11,31,12,30,12,31,12,30,12,30,13,29,14,28,15,27,16,27,15,27,16,26,16,26,17,26,17,26,17,25,17,25,18,25,18,24,19,23,20,23,19,23,20,22,21,21,21,22,21,21,21,21,22,21,21,21,22,21,22,20,22,20,23,19,23,20,22,20,23,20,22,20,22,21,22,20,23,19,23,19,23,20,23,19,23,19,23,19,23,20,23,19,23,19,24,19,23,20,22,20,23,19,23,20,22,20,22,21,21,21,21,22,21,21,21,21,21,22,20,23,19,23,19,24,18,25,17,25,17,25,17,26,16,27,15,27,16,27,15,27,15,28,14,29,13,29,13,30,12,31,11,32,9,35,6,2
m554,362,42,86,2,3,38,6,35,8,34,9,33,11,31,12,30,13,29,13,29,13,29,14,28,15,27,16,26,17,25,17,25,17,26,17,25,17,25,17,25,18,25,17,25,18,24,19,24,18,24,19,23,20,23,20,22,21,21,21,22,20,23,20,22,21,21,21,22,20,22,21,21,21,22,21,21,21,21,21,21,22,21,22,20,23,20,22,20,22,21,22,20,23,19,23,19,23,19,24,19,23,19,23,20,23,19,23,19,23,20,22,20,23,19,24,19,23,19,23,20,23,19,24,19,23,19,23,19,23,20,23,19,23,19,23,20,22,20,22,21,21,22,20,23,19,23,19,24,18,24,18,25,17,25,17,26,16,26,16,27,16,27,15,28,14,29,12,31,11,32,10,34,7,37,4,3
m545,366,41,86,6,4,36,8,32,10,30,12,28,13,28,14,26,15,26,16,25,17,24,18,23,18,23,19,21,21,20,21,20,21,20,21,20,22,19,23,18,23,18,24,17,25,16,26,15,27,14,27,14,28,13,28,13,29,12,29,12,29,12,30,11,30,11,31,11,30,11,31,10,31,11,31,11,30,11,30,11,30,12,29,12,30,11,30,11,31,11,31,10,31,10,31,10,31,11,31,10,31,11,30,11,30,12,30,11,30,11,30,12,30,11,30,12,29,12,29,12,29,13,29,13,28,13,28,14,27,14,28,14,27,14,27,15,26,16,25,16,25,17,24,18,23,18,23,19,22,20,21,21,20,22,19,22,19,23,17,25,15,26,16,26,16,26,15,27,14,28,12,31,9,35,5,3
m544,363,43,91,5,3,39,6,36,8,34,10,32,12,31,13,29,15,28,15,28,16,27,16,27,17,26,18,25,18,25,19,24,20,23,21,22,22,21,22,21,22,21,23,20,23,20,24,19,24,19,25,18,26,17,26,17,26,17,27,16,28,15,28,15,28,15,29,14,29,14,30,13,30,14,30,13,31,12,31,12,32,12,31,12,31,12,32,11,33,10,34,9,35,8,35,8,35,9,34,9,35,9,35,9,34,10,33,10,34,10,33,10,33,10,34,9,34,10,33,10,33,10,33,10,33,11,32,11,32,11,32,11,33,11,32,12,31,12,31,12,31,13,30,13,30,14,29,15,28,15,29,15,28,16,27,17,26,18,25,19,23,20,23,21,22,22,21,23,20,24,18,26,17,27,16,28,15,29,14,31,11,33,9,35,7,5
m531,359,33,90,4,3,29,7,25,10,23,11,21,13,20,14,19,15,18,15,17,17,16,18,15,18,15,18,15,19,14,19,14,19,14,19,14,20,13,20,13,21,12,21,12,21,12,22,11,22,11,22,11,22,11,23,10,23,10,24,9,25,8,25,8,25,8,25,8,26,7,26,7,26,7,26,7,27,6,27,6,27,6,27,6,28,5,29,4,30,3,30,3,30,3,31,3,30,3,30,3,31,2,31,3,30,3,30,3,30,3,30,3,30,3,30,4,29,4,29,4,29,5,28,5,28,5,28,6,27,6,28,5,28,5,28,6,27,6,27,7,26,7,26,8,25,9,24,10,23,10,23,11,22,11,22,12,21,13,19,15,18,15,17,16,17,17,16,18,14,19,13,21,12,22,11,23,10,24,8,26,6,29,3,7
m562,361,26,83,4,3,21,6,19,8,17,9,17,10,16,11,15,12,14,13,13,13,13,13,13,14,12,14,12,15,11,15,11,16,10,16,10,16,10,16,10,17,9,18,8,18,8,18,8,19,7,19,7,20,6,21,5,21,5,21,5,22,4,22,4,22,4,22,4,23,3,23,3,23,3,23,3,24,2,24,2,24,2,24,2,24,2,25,1,25,1,25,1,25,1,25,1,25,2,24,2,24,2,24,2,24,3,23,3,24,2,24,3,23,3,23,3,23,3,23,4,22,4,22,4,22,5,21,5,21,6,20,6,20,7,19,7,19,7,19,8,18,8,18,9,17,9,17,9,17,10,16,11,15,11,15,11,14,13,13,14,12,15,10,16,10,17,8,19,6,4
m606,364,29,81,2,3,25,6,22,8,21,10,19,11,18,12,17,12,17,13,16,13,16,14,15,14,15,14,15,15,14,15,14,16,13,16,13,17,12,18,11,19,10,19,10,20,9,21,8,21,8,21,8,21,8,22,7,22,7,22,7,23,6,23,6,24,5,24,5,24,5,24,5,25,4,25,4,26,3,26,3,26,3,27,2,27,3,26,3,26,3,26,3,26,3,26,4,25,4,26,3,26,3,26,3,27,3,26,3,26,3,26,4,25,4,25,4,25,5,24,5,24,5,24,6,23,6,23,7,22,7,22,7,22,8,20,10,19,11,18,11,18,11,18,12,17,13,16,13,16,13,15,15,14,16,13,17,12,18,11,19,10,23,5,25,3,4
m618,353,32,86,4,3,28,7,24,9,23,10,22,11,21,12,20,12,20,13,19,14,18,15,17,15,17,15,17,15,17,16,16,17,14,18,13,20,12,20,12,21,11,22,10,22,10,22,10,22,10,23,9,23,9,23,9,24,8,24,8,24,8,25,7,25,7,26,6,26,6,27,5,27,5,28,4,28,4,28,4,28,4,28,5,27,5,27,5,27,5,28,4,28,4,28,4,29,3,29,3,29,3,29,3,30,2,30,2,30,2,30,2,30,2,31,2,30,2,30,2,30,2,30,3,29,3,29,4,28,4,28,5,27,6,26,6,26,6,26,6,26,7,25,7,25,8,24,9,22,10,22,11,21,12,20,13,19,14,18,15,17,15,17,16,16,17,14,19,13,21,10,23,8,26,5,5
m623,347,31,82,7,4,26,10,20,12,19,13,18,13,18,13,17,15,16,15,16,16,15,17,13,18,13,18,13,19,11,20,11,21,10,21,10,21,9,22,9,22,9,22,9,22,9,23,7,25,6,25,6,26,5,26,5,26,5,26,5,26,5,26,5,26,6,26,4,27,4,27,4,27,4,27,4,27,4,27,4,27,4,27,4,27,4,27,4,28,3,28,3,28,3,28,3,28,4,28,3,28,3,28,3,28,3,28,3,29,2,29,2,29,3,29,2,29,2,29,2,29,3,27,4,27,5,26,5,26,5,26,5,26,5,26,5,26,6,25,7,23,8,22,10,21,11,20,12,19,12,18,14,17,14,17,15,16,16,14,18,13,20,10,22,8,24,6,8
m629,344,27,81,6,6,20,8,18,10,16,11,16,12,14,13,14,14,13,14,12,16,11,17,10,17,10,18,8,19,8,20,7,20,7,20,7,21,6,21,6,21,6,21,6,21,6,22,5,23,4,23,4,23,4,23,4,23,4,23,4,23,4,23,4,23,4,23,4,23,4,23,4,23,4,23,4,24,3,24,3,24,3,25,2,25,2,25,2,25,2,25,2,26,1,26,1,161,1,26,1,26,2,25,2,25,2,25,2,25,2,25,2,25,3,24,3,24,3,23,4,23,4,23,5,22,6,21,6,21,6,21,7,20,7,19,9,17,10,16,12,15,13,13,14,13,15,12,16,10,18,9,19,7,21,5,9
m630,347,23,78,6,6,16,9,13,11,11,13,9,14,8,16,7,16,7,17,6,17,6,17,6,17,6,17,6,18,5,18,5,18,5,18,5,18,5,18,5,18,5,18,5,18,5,18,5,19,4,20,3,21,2,21,2,21,2,21,2,21,2,22,1,22,1,22,1,22,1,275,1,22,1,22,1,22,1,22,1,22,1,22,1,22,1,22,1,22,1,22,1,22,1,22,1,22,1,22,2,21,2,21,3,20,3,20,3,20,3,20,4,19,4,19,4,18,6,17,6,17,6,17,6,17,7,15,9,14,11,11,13,10,14,8,17,5,5
m637,343,22,84,3,3,18,5,16,7,15,8,14,9,13,10,12,10,11,11,11,11,11,12,10,12,10,12,10,13,9,13,9,13,9,14,8,14,8,14,8,15,7,15,7,15,7,15,7,15,7,15,7,16,6,16,6,16,6,16,6,16,6,17,5,17,5,17,5,17,5,18,4,18,4,18,4,18,4,18,4,18,4,18,4,18,4,18,4,19,3,19,3,20,2,21,1,21,1,44,1,21,1,21,1,21,1,21,2,20,2,20,2,20,2,20,2,20,2,20,2,20,2,20,2,19,3,19,3,19,4,18,4,18,4,18,4,18,4,18,5,17,5,17,6,16,7,15,7,15,8,14,9,12,10,12,10,13,10,12,11,11,12,10,12,9,14,7,16,5,4
m637,349,23,82,4,3,19,7,15,9,14,10,13,10,12,11,12,12,11,12,11,13,10,13,10,13,10,13,10,13,10,14,9,14,8,15,8,15,8,15,9,14,9,14,9,14,9,14,9,15,8,15,8,15,8,15,8,16,7,17,6,17,6,18,5,18,5,18,5,18,5,18,5,18,5,18,5,19,4,19,4,19,4,19,4,19,4,19,4,20,3,20,3,20,3,20,3,20,3,20,3,20,3,21,3,20,3,20,3,20,3,20,3,20,3,20,3,21,3,20,3,20,3,20,3,20,4,19,4,19,4,19,4,19,4,19,4,19,5,17,6,17,6,17,7,16,8,15,8,15,9,14,9,14,10,13,11,12,11,12,11,12,12,10,14,8,16,6,4
m644,369,20,78,5,5,14,7,12,9,10,10,10,10,10,11,9,12,8,12,8,13,7,13,7,13,7,13,7,13,7,13,7,13,7,14,6,14,6,14,6,14,6,14,6,14,6,14,6,15,5,15,5,15,5,15,5,15,4,17,2,18,2,19,1,19,1,19,1,19,1,19,1,19,1,19,2,18,2,18,2,18,2,18,2,18,2,18,2,19,1,138,1,19,1,19,1,19,1,19,1,19,1,19,1,19,1,20,1,19,2,18,2,18,2,18,2,18,2,18,2,18,2,18,3,17,3,17,3,16,5,15,5,15,6,14,6,13,7,13,7,12,9,10,11,8,14,5,6
m645,367,23,81,8,5,16,8,14,10,12,11,12,12,10,14,8,15,8,15,8,15,8,15,8,15,8,16,6,17,6,17,6,17,6,17,6,18,5,18,5,18,4,19,4,20,3,20,4,19,4,19,4,19,4,20,3,20,3,20,3,20,3,20,3,20,3,20,3,20,3,20,3,20,3,20,3,20,3,21,2,21,2,21,2,21,2,21,3,20,2,21,2,21,2,21,2,21,2,21,2,21,2,21,1,22,1,183,2,21,2,21,2,21,2,21,2,20,3,20,4,19,4,19,4,19,5,18,6,17,6,17,6,17,7,16,7,15,9,14,9,13,11,12,12,10,13,9,15,7,17,5,8
m646,366,22,81,6,4,17,6,15,8,14,9,13,10,11,11,11,12,10,13,8,15,7,15,7,16,6,16,6,17,5,17,5,17,4,19,3,19,3,20,2,20,2,20,2,20,2,21,1,21,1,21,1,21,1,21,1,218,1,21,1,20,2,20,2,20,2,20,2,20,2,20,2,20,2,20,2,20,2,20,2,20,2,20,2,20,2,20,2,20,2,20,2,20,2,20,2,19,3,19,3,19,4,18,4,18,4,18,4,18,4,18,4,17,6,16,6,16,7,14,8,14,9,13,9,13,9,12,10,12,10,12,11,11,11,11,11,11,12,10,12,10,13,8,15,6,17,3,10
m649,352,15,83,6,3,11,5,9,7,7,8,7,8,7,9,6,9,6,9,6,10,5,10,5,10,5,11,4,11,4,11,4,11,4,11,4,11,4,12,3,12,3,12,3,12,3,12,3,12,3,12,3,12,3,12,3,12,2,13,2,13,2,13,2,13,2,13,2,13,2,13,2,13,2,13,1,14,1,14,1,14,1,14,1,14,1,14,1,14,1,14,1,14,1,14,1,14,1,14,1,14,1,14,1,14,1,14,1,163,1,14,1,14,1,14,1,13,2,13,3,12,3,12,3,12,3,12,3,12,3,12,3,12,3,12,3,12,3,12,3,11,5,10,6,8,8,6,10,4,6
m638,335,15,80,3,3,11,5,9,7,8,7,8,7,8,8,7,8,8,8,7,8,6,10,4,11,4,11,4,11,4,11,4,11,4,12,3,12,3,12,3,12,3,12,3,12,3,12,3,12,3,13,2,13,2,13,2,13,2,13,2,13,2,13,2,13,2,13,2,13,2,13,3,12,3,12,3,12,3,12,3,12,3,12,3,12,4,12,3,12,2,13,2,13,2,13,2,14,1,14,1,14,1,14,2,13,2,12,3,12,3,12,3,12,3,12,3,13,2,13,2,13,2,13,2,12,3,12,3,12,4,11,4,11,4,11,4,11,4,11,5,10,5,10,5,10,5,10,5,10,6,9,6,9,7,8,7,8,7,8,8,6,10,4,3
m626,329,12,76,2,3,8,5,6,7,5,7,5,7,5,7,5,8,4,8,5,7,5,7,5,7,5,7,5,7,5,7,5,7,5,7,5,7,5,7,5,7,5,7,5,7,5,7,5,7,5,8,5,7,5,7,4,8,3,9,3,9,3,9,3,9,3,10,3,10,2,10,2,10,2,10,2,11,1,11,1,11,1,11,1,11,1,11,1,11,2,10,2,10,2,10,2,10,2,10,2,10,2,10,2,10,3,9,3,9,3,9,3,9,3,9,3,9,3,9,3,9,3,9,3,9,4,8,4,8,4,8,5,7,5,7,5,7,5,7,5,7,4,8,4,8,4,8,5,7,5,7,6,5,8,3,2
m615,320,12,79,2,4,7,6,5,8,4,8,4,8,4,7,5,7,5,7,5,7,5,7,5,7,5,7,5,7,5,7,5,8,5,7,5,7,5,7,5,7,5,7,5,7,5,8,4,8,4,8,4,8,5,7,5,7,5,8,4,8,4,8,4,8,4,8,4,8,4,8,4,8,4,8,4,8,4,8,4,8,4,8,4,8,4,8,4,8,4,8,4,8,4,8,4,8,4,8,4,8,4,8,3,9,3,8,4,9,3,9,4,8,4,8,4,8,4,8,4,8,4,9,3,9,3,10,2,10,2,10,2,10,2,10,2,10,2,10,2,10,3,9,4,8,5,7,5,7,5,7,5,7,5,7,5,7,6,5,8,3,2
m605,318,11,77,4,3,7,5,5,7,3,8,3,8,3,8,3,9,2,9,2,9,2,9,2,9,2,9,2,9,2,9,2,9,2,9,2,9,2,10,1,10,1,10,1,10,1,10,1,10,1,10,1,10,1,10,1,10,1,9,2,9,2,9,2,9,1,10,1,10,1,10,1,10,1,10,1,55,1,10,1,10,1,10,1,10,1,10,1,10,1,9,2,9,2,9,2,9,2,9,2,9,2,9,2,9,2,9,2,9,2,9,2,9,2,9,2,9,2,8,3,8,3,8,3,8,3,9,2,9,2,9,2,8,4,7,4,7,4,8,3,8,3,8,4,7,5,5,7,3,3
m587,316,17,71,8,3,13,5,11,7,10,7,9,9,7,11,6,11,5,12,5,12,5,12,5,12,5,12,5,12,5,12,5,12,5,12,5,12,5,12,5,12,5,12,5,12,5,12,5,12,5,12,5,12,5,12,5,12,5,13,4,13,4,13,4,13,4,13,4,13,4,14,3,14,3,14,3,14,3,13,4,13,4,12,4,13,4,13,4,13,4,13,4,13,4,13,4,13,4,13,4,13,4,12,5,12,5,12,5,11,6,11,6,11,6,10,7,10,7,10,6,11,6,11,5,12,5,12,5,11,6,11,6,10,7,9,8,9,8,8,10,7,11,5,13,3,11
m578,327,15,73,8,3,11,5,9,7,8,8,7,8,7,8,7,7,8,7,8,7,8,7,8,7,8,7,8,7,8,7,8,7,7,8,7,8,7,8,7,8,7,8,7,8,7,8,6,9,6,10,5,11,4,11,3,12,3,12,3,12,2,13,2,13,2,13,2,13,2,13,2,12,3,12,3,12,3,12,3,11,4,11,4,11,4,11,4,11,4,11,4,11,4,11,4,11,3,12,3,12,3,12,3,12,3,11,4,11,4,11,4,11,4,11,3,12,3,12,3,12,3,11,4,10,5,10,5,9,6,9,6,9,7,8,7,7,8,7,8,7,8,7,8,7,9,5,11,3,9
m574,340,11,76,5,3,7,5,5,7,4,7,4,7,4,8,3,8,3,8,3,8,3,8,3,8,3,7,3,9,2,9,2,9,2,9,2,9,2,8,3,8,3,8,3,8,3,8,3,8,3,8,3,8,3,8,3,8,2,9,2,9,2,9,2,9,2,9,2,9,1,10,1,10,1,10,1,10,1,10,1,10,1,10,1,10,1,10,1,10,1,10,1,10,1,10,1,10,1,10,1,10,1,10,1,10,1,10,1,10,1,10,1,10,1,10,1,10,1,10,1,10,1,10,1,9,2,9,2,9,2,9,2,9,2,9,2,9,2,9,2,9,2,9,2,9,2,9,2,8,3,8,4,6,6,4,5
m570,342,12,79,4,3,8,5,6,7,5,8,4,8,4,8,4,8,4,8,3,8,4,8,4,8,4,8,4,8,4,8,4,9,3,9,3,9,3,9,3,9,3,10,2,10,2,10,2,10,2,10,2,10,2,10,2,10,2,10,1,287,1,11,1,11,1,11,1,11,1,10,2,10,2,10,2,10,2,10,2,10,2,10,2,10,2,10,2,10,2,10,2,10,3,9,3,9,3,9,3,9,3,8,4,8,4,8,4,8,5,7,6,5,8,3,5
m559,347,11,80,3,3,7,5,5,7,4,7,4,7,4,7,4,7,4,7,4,7,4,7,4,7,4,7,4,7,4,8,3,8,3,8,3,8,3,8,3,8,3,8,3,8,3,8,3,8,3,9,1,10,1,10,1,10,1,10,1,10,1,10,1,10,1,10,1,10,1,10,1,10,1,10,1,10,1,198,1,10,1,10,1,10,1,10,1,10,2,8,2,9,2,9,2,9,2,9,2,9,2,9,2,9,2,9,3,8,3,8,3,8,3,8,3,8,3,8,3,8,3,8,3,8,4,6,6,4,3
m554,350,11,75,4,3,7,5,5,7,4,8,2,9,2,9,2,9,2,9,2,9,2,9,2,9,2,9,2,9,2,9,2,9,2,9,2,9,2,9,2,9,2,9,2,9,2,9,2,9,2,9,2,9,2,9,2,9,1,10,1,10,1,10,1,77,1,10,1,10,1,10,1,10,1,10,1,10,1,10,1,10,1,10,1,10,1,10,1,10,1,10,1,10,1,10,1,10,1,10,1,10,1,10,1,10,1,10,1,10,1,10,1,10,2,9,2,9,2,9,2,9,3,8,3,8,3,8,3,8,3,8,4,7,4,7,4,7,5,5,7,3,2
m549,349,9,72,2,3,5,5,3,7,2,7,2,7,2,7,2,8,1,8,2,7,2,7,2,7,2,7,2,7,2,7,2,7,2,7,2,7,2,7,2,7,2,7,2,7,2,7,2,7,2,7,2,7,2,8,1,8,1,214,1,8,1,8,1,7,2,7,2,7,2,7,2,7,2,7,2,7,2,7,2,7,2,7,2,7,2,7,2,7,2,7,2,7,2,7,2,7,3,5,5,3,4
m537,361,10,75,3,4,5,6,3,8,2,8,2,8,2,8,2,7,3,7,3,7,3,7,3,7,3,7,3,7,3,7,3,7,3,7,3,7,3,7,3,7,3,7,3,7,3,7,3,8,2,9,1,9,1,9,1,9,1,9,1,9,1,9,1,9,1,9,1,8,2,8,2,8,2,8,1,9,1,9,1,9,1,9,1,9,1,9,1,9,1,9,2,8,2,8,2,7,2,8,2,8,2,8,2,7,3,8,2,8,2,8,2,8,2,7,3,7,3,7,3,7,3,7,3,7,3,7,3,7,3,7,3,7,3,7,3,7,3,7,3,7,3,7,3,7,3,7,3,7,4,5,6,3,5
m533,378,10,74,4,3,6,5,4,7,3,7,3,7,3,7,3,7,3,7,3,7,3,7,3,7,2,8,2,8,2,7,3,7,3,8,2,9,1,9,1,9,1,9,1,8,2,8,2,8,2,8,1,9,1,9,1,9,1,9,1,149,1,9,1,9,1,9,1,9,1,8,2,8,2,8,2,8,2,8,2,8,2,8,2,8,2,8,2,8,2,8,3,7,2,8,2,8,2,8,3,7,3,7,3,7,3,7,2,8,2,8,2,8,3,7,3,7,3,7,4,5,6,3,4
m531,384,10,70,2,3,6,5,4,7,3,8,2,8,3,7,3,7,3,7,3,7,3,7,3,7,3,7,3,7,3,7,3,7,3,7,3,7,3,7,3,8,2,9,1,9,1,9,1,148,1,9,1,9,1,79,1,9,1,9,1,39,1,9,1,8,2,8,3,7,3,7,3,7,3,7,3,7,3,7,3,7,3,7,3,7,3,7,3,7,3,7,4,5,6,3,4
m526,384,8,72,2,3,4,5,2,7,1,7,1,7,1,7,1,16,1,7,1,7,1,7,1,7,1,7,1,7,1,7,1,7,1,7,1,7,1,7,1,7,1,7,1,7,1,7,1,7,1,7,1,7,1,7,1,7,1,7,1,7,1,7,1,7,1,7,1,7,1,7,1,7,1,7,1,7,1,7,1,7,1,7,1,7,1,7,1,7,1,7,1,7,1,7,1,7,1,7,1,7,1,7,1,7,1,7,1,30,1,7,1,7,1,7,1,7,1,7,1,7,1,7,1,7,1,7,1,7,1,7,1,7,1,7,2,5,4,3,3
m521,385,8,73,3,3,4,5,2,7,1,7,1,7,1,7,1,7,1,7,1,7,1,7,2,5,2,7,1,7,1,7,1,7,1,7,1,7,1,7,1,7,1,7,1,7,1,7,1,7,1,7,1,7,1,7,1,7,1,7,1,7,1,7,1,7,1,7,1,7,1,7,1,7,1,7,1,7,1,7,1,7,1,7,1,7,1,7,1,22,1,7,1,7,1,7,1,7,1,7,1,7,1,7,1,7,1,7,1,8,1,7,1,7,1,7,1,7,1,7,1,7,1,7,1,7,1,7,1,7,1,7,1,7,1,7,1,7,1,7,1,7,2,5,4,3,2
m509,385,11,71,5,3,7,5,5,7,4,7,4,7,4,7,3,8,3,8,3,7,4,7,4,7,4,7,4,7,4,7,4,7,4,7,4,7,4,7,4,7,4,7,4,7,4,7,4,7,4,8,3,9,2,9,2,9,1,10,1,9,2,9,2,9,2,9,2,9,2,9,2,9,2,9,2,9,2,9,2,9,2,9,2,9,2,9,2,9,2,9,2,9,2,8,3,7,4,7,4,7,4,7,3,8,3,8,3,7,4,7,4,7,4,7,4,7,4,7,4,7,4,7,4,7,4,7,4,7,4,7,4,7,4,7,4,7,4,7,4,7,5,5,7,3,6
m499,396,14,73,8,4,9,6,7,8,6,8,6,8,6,8,6,7,7,7,7,7,7,7,7,7,7,7,7,7,6,8,6,8,6,8,6,8,5,10,4,10,4,10,4,9,5,9,5,9,5,9,5,9,4,10,4,10,4,10,4,9,4,10,4,10,4,10,4,10,4,10,4,10,4,10,4,10,3,10,4,10,4,10,4,10,4,10,4,9,4,10,4,10,4,10,4,10,4,10,4,10,4,10,4,10,4,10,4,9,5,9,5,9,5,9,5,9,5,8,6,9,5,9,5,9,5,8,6,8,6,8,6,7,7,7,7,8,6,8,6,8,6,8,7,7,8,5,10,3,8
m498,398,12,72,7,3,8,5,6,7,4,8,4,8,4,8,3,9,3,8,4,7,5,7,5,7,5,7,5,7,5,7,5,7,5,7,5,7,5,7,5,7,5,7,5,7,5,7,5,7,5,7,5,7,5,7,5,7,5,7,4,9,3,9,3,9,3,9,2,10,2,10,2,9,3,9,3,9,3,10,1,11,1,11,1,11,1,11,1,11,1,11,1,10,2,10,2,10,2,9,3,9,3,9,3,8,4,7,5,7,5,7,5,7,5,7,5,7,5,7,5,7,5,7,5,7,5,7,5,7,5,7,5,7,5,7,5,8,4,8,4,8,4,7,6,5,8,3,7
m493,379,11,76,6,3,7,5,5,7,4,7,4,7,4,7,4,7,3,8,3,8,3,7,4,7,4,7,4,7,4,7,4,7,4,7,4,7,4,7,4,7,4,7,4,7,4,7,4,7,3,8,3,8,3,7,4,8,3,8,2,9,2,9,2,9,2,9,2,9,2,9,2,9,2,9,2,9,2,9,2,9,2,9,2,9,2,9,2,9,1,10,1,10,1,10,1,10,1,10,1,10,1,10,1,10,1,9,2,9,2,9,2,9,2,9,2,9,2,8,3,8,3,8,3,7,4,7,4,7,4,7,4,7,4,7,4,7,4,7,4,7,4,7,4,7,4,7,4,7,4,7,5,5,7,3,6
m487,365,14,74,9,3,10,5,8,7,6,8,6,8,6,7,7,7,7,7,7,7,7,7,7,7,7,7,7,7,7,7,7,7,7,7,7,7,7,7,6,8,6,8,6,7,7,7,7,7,7,7,6,8,6,8,5,8,6,8,6,7,7,7,7,7,7,7,7,7,7,7,7,7,7,7,7,7,7,7,7,7,7,7,6,8,6,8,6,7,7,7,7,7,7,7,7,7,7,7,6,8,6,8,6,8,6,7,7,7,7,7,7,7,7,7,7,7,7,7,6,8,6,8,6,7,7,7,7,7,7,7,7,7,7,7,7,7,7,7,7,7,7,7,7,7,7,7,8,5,10,3,9
m484,366,14,70,9,3,10,5,8,7,7,7,7,7,7,7,7,7,7,7,7,7,7,7,7,7,7,7,7,7,7,7,7,7,7,7,7,7,7,7,6,8,6,8,6,8,6,8,5,9,5,9,5,9,5,8,6,8,6,8,5,9,5,9,5,8,5,9,5,9,5,8,6,8,6,8,6,8,6,8,6,8,6,9,5,9,5,9,4,10,4,10,4,10,4,10,4,10,4,10,4,9,5,9,5,9,5,8,6,8,6,8,6,8,6,7,6,8,6,8,6,7,6,8,6,8,6,7,7,7,7,7,7,7,7,7,7,7,7,7,8,5,10,3,9
m487,382,13,68,8,3,9,5,7,7,6,7,6,7,6,7,6,7,6,7,6,7,6,7,6,7,6,7,6,7,6,7,6,7,6,7,6,7,6,7,5,8,5,8,5,8,5,7,6,7,5,8,5,8,5,8,4,8,5,8,5,8,5,8,5,8,5,8,5,8,5,8,5,8,5,8,5,8,5,8,5,8,5,7,6,7,6,7,5,8,5,8,5,8,5,8,5,8,4,9,4,8,5,8,5,8,5,8,5,7,6,7,6,7,6,7,6,7,6,7,6,7,5,8,5,8,5,8,5,8,5,8,5,7,6,7,7,5,9,3,8
m491,372,11,72,6,3,7,5,5,7,4,7,4,7,4,7,4,7,4,7,3,8,3,7,4,7,4,7,4,7,4,7,4,7,4,7,4,7,4,7,4,7,3,8,2,9,2,9,1,10,1,10,1,10,2,9,1,10,1,10,1,10,1,10,1,10,1,10,1,10,1,10,1,10,1,10,1,10,1,10,1,10,1,10,1,10,1,10,1,10,1,9,2,9,2,9,2,9,2,9,2,9,2,9,2,9,2,9,3,8,4,7,4,7,4,7,4,7,4,7,4,7,4,7,4,7,3,8,3,8,3,7,4,7,4,7,4,7,4,7,4,7,4,7,5,5,7,3,5
m490,360,10,69,4,3,6,5,4,7,3,7,3,7,3,7,3,7,2,8,2,8,2,7,3,7,3,8,2,9,1,9,1,9,1,9,1,9,1,9,1,9,1,9,1,298,2,8,2,9,1,9,1,9,1,8,2,7,3,7,3,8,2,8,3,7,3,7,3,7,3,7,3,7,3,7,3,7,3,7,4,5,6,3,3
m493,352,10,74,2,3,6,5,4,7,3,7,3,7,3,8,2,9,1,9,1,9,1,9,1,9,1,9,1,349,1,9,1,9,1,9,1,9,1,9,1,9,1,9,1,9,1,9,1,9,1,9,1,9,2,8,2,7,3,7,3,8,2,8,2,8,2,8,2,7,3,7,3,8,2,8,2,8,3,7,4,5,6,3,3
m495,342,10,72,3,4,5,6,3,8,2,8,2,8,2,7,3,7,3,7,3,7,3,7,3,7,3,7,3,7,3,7,3,7,3,8,2,9,1,9,1,9,1,9,1,9,1,9,1,9,1,9,1,9,1,9,1,9,1,9,1,9,1,9,1,9,1,9,1,9,1,9,1,9,1,9,1,9,1,9,1,9,1,9,1,9,1,8,1,9,1,9,1,9,1,9,1,9,1,9,1,9,1,9,1,9,1,9,1,9,1,9,1,9,1,9,1,8,2,8,2,7,3,8,2,9,1,9,2,8,2,7,3,7,2,8,2,8,2,7,3,7,3,7,4,5,6,3,5
m484,356,13,75,8,3,9,5,7,7,6,7,6,7,6,7,6,7,6,7,6,7,6,7,6,7,6,7,6,7,6,7,6,7,6,7,6,7,6,7,6,7,6,7,6,7,6,7,6,7,6,7,5,8,5,7,6,7,6,7,6,7,5,8,5,7,6,7,6,7,6,7,6,7,6,7,6,7,5,8,5,8,5,7,6,7,6,7,6,7,6,7,6,7,6,7,5,8,5,8,5,7,6,7,6,7,6,7,6,7,6,7,6,7,6,7,6,7,6,7,6,7,6,7,6,7,6,7,6,7,6,7,5,8,5,8,5,7,6,7,6,7,5,8,5,8,5,8,5,8,6,6,8,4,7
m488,357,11,76,6,3,7,5,5,7,4,7,3,8,3,8,3,7,4,7,4,7,4,7,4,7,4,7,4,7,4,7,4,7,3,8,3,7,4,7,4,7,4,7,4,7,4,7,4,7,4,7,4,7,4,7,4,7,4,7,4,7,4,7,4,7,3,8,3,8,3,7,4,8,3,8,3,8,3,7,4,7,4,7,4,7,4,7,4,7,4,7,4,7,4,7,4,7,4,7,4,7,4,7,4,7,4,7,4,7,4,7,4,7,3,8,3,8,3,7,4,7,4,7,4,7,4,7,4,7,4,7,4,7,4,7,4,7,4,7,4,7,4,7,4,7,4,7,4,7,4,7,5,5,7,3,6
m483,375,13,72,7,4,8,6,6,8,5,8,5,8,5,8,5,8,5,7,6,7,6,7,6,7,6,8,5,8,5,8,5,8,5,8,5,7,6,7,6,7,5,8,5,8,5,8,5,8,5,8,5,8,5,8,5,8,5,8,4,9,3,10,2,11,2,11,2,11,2,11,2,11,2,11,2,11,2,11,2,11,2,11,2,11,2,11,2,11,2,11,2,11,2,11,2,11,2,11,2,11,2,11,2,10,3,10,3,10,3,9,4,9,4,9,3,10,3,10,3,10,3,10,3,9,4,9,4,9,5,8,6,7,5,8,5,8,5,8,5,8,5,7,7,5,9,3,7
m496,373,12,77,5,3,8,5,6,7,5,7,5,7,5,8,4,8,3,9,3,9,3,8,3,9,3,9,3,9,2,10,2,10,2,10,2,10,2,10,2,10,2,10,2,11,1,11,1,47,1,11,1,11,1,11,1,11,1,11,1,11,1,11,1,11,1,11,1,11,1,11,1,11,1,11,1,11,1,11,1,11,1,11,1,11,1,11,1,11,2,10,2,10,2,10,2,10,2,10,2,10,2,10,2,10,2,10,2,10,2,10,2,10,2,9,3,9,3,9,3,8,4,8,4,8,4,8,4,8,4,9,3,9,3,9,3,8,4,8,4,8,4,9,4,8,4,8,5,6,7,4,4
m478,323,14,79,7,4,9,6,7,8,5,10,4,10,4,10,4,10,4,10,3,11,3,11,3,11,3,11,3,11,3,11,3,11,3,11,3,11,2,12,2,12,2,12,2,12,2,11,3,11,3,11,3,11,3,11,3,11,3,10,4,10,4,10,4,10,4,10,4,10,4,10,4,10,3,11,3,11,3,11,3,11,3,11,3,11,3,11,3,11,4,10,4,10,3,11,3,11,3,11,3,11,3,11,3,11,3,11,3,11,2,12,2,12,2,12,2,12,2,12,2,12,2,12,2,12,2,12,2,11,3,11,3,10,4,10,4,10,4,10,4,10,4,10,4,10,4,10,4,10,4,10,4,10,4,10,5,9,6,7,8,5,6
m465,309,15,81,9,4,10,6,8,8,7,8,7,8,6,9,6,9,6,9,6,9,6,9,5,10,5,10,5,10,5,10,5,10,4,11,4,11,4,11,4,11,4,11,4,11,4,11,4,10,5,10,5,10,5,10,5,9,6,9,6,9,6,9,6,9,6,9,5,10,5,10,5,10,5,10,5,10,4,11,4,11,4,11,4,11,4,11,3,12,3,12,3,12,3,12,3,11,4,11,4,11,4,11,4,11,4,11,4,11,4,11,4,11,4,11,4,11,4,11,4,10,5,10,5,9,6,9,6,8,7,8,6,9,6,9,6,8,7,8,7,8,7,8,7,8,7,8,7,8,7,7,8,7,8,7,8,7,8,7,8,7,9,5,11,3,10
m468,346,15,78,9,3,11,5,9,7,7,8,7,8,7,8,7,8,7,9,6,9,5,10,5,10,5,10,5,10,5,10,5,10,5,10,5,10,5,10,5,10,4,11,4,11,4,11,4,11,4,11,4,10,5,10,5,10,5,10,5,10,5,10,5,10,4,11,4,11,4,11,4,11,3,12,3,12,3,12,3,12,3,12,3,12,3,12,3,12,3,12,3,12,3,12,2,13,2,13,2,13,2,12,3,12,3,11,4,11,4,10,5,10,5,10,5,10,5,10,5,10,5,10,5,10,5,9,6,9,6,9,6,9,6,8,7,7,8,7,8,7,8,7,8,7,8,7,7,8,7,8,7,7,8,7,9,5,11,3,10
m484,342,13,81,6,3,9,5,7,7,5,8,5,8,5,7,5,8,5,8,5,9,4,9,4,9,4,9,4,9,4,9,4,9,4,10,3,10,3,10,2,11,2,11,2,12,1,12,1,12,1,12,1,12,1,12,1,12,1,12,1,12,1,12,1,12,1,12,1,12,1,12,1,12,1,12,1,12,1,12,1,12,1,12,1,12,1,12,1,12,2,11,1,12,1,11,2,11,2,11,2,11,2,11,2,11,2,11,1,12,1,12,1,12,1,12,1,11,2,11,2,11,2,11,2,11,2,11,2,11,2,11,2,11,2,11,2,11,2,11,3,10,3,10,3,10,3,10,4,9,4,9,4,9,4,9,4,9,4,9,4,9,5,7,7,5,4
m490,338,13,78,4,3,9,5,7,7,6,7,6,7,6,7,6,7,6,8,5,8,5,8,5,8,5,8,5,8,5,8,5,8,5,8,5,8,5,8,5,8,4,9,4,9,4,9,4,9,4,9,4,9,4,10,3,10,3,10,3,10,3,10,3,10,3,10,3,10,3,10,3,10,3,10,3,10,3,10,3,10,3,10,3,10,3,11,2,11,2,11,2,11,2,11,2,11,2,11,2,11,2,11,2,11,2,11,2,11,2,11,2,11,1,12,1,12,1,12,1,12,1,12,1,12,1,12,1,52,1,12,2,11,2,11,2,11,3,10,3,10,3,10,3,10,3,9,4,8,6,6,8,4,4
m477,337,13,79,3,3,9,5,7,7,6,7,6,7,6,7,6,8,4,9,4,10,3,10,3,10,3,10,3,10,3,10,3,10,3,10,3,10,3,10,3,10,3,10,3,10,3,10,3,10,3,11,2,11,2,11,2,11,2,11,2,11,2,11,2,11,2,11,2,11,2,11,2,11,2,11,2,11,2,11,2,11,2,11,2,12,1,12,1,12,1,116,1,12,2,11,2,11,2,11,2,11,2,11,2,11,2,11,2,11,2,10,3,10,3,10,3,10,4,9,4,9,4,9,5,7,6,7,6,8,5,8,5,8,5,7,6,8,5,8,5,8,6,6,8,4,4
m479,337,13,86,3,3,9,5,7,7,5,8,5,8,5,8,5,8,5,8,5,9,4,9,4,9,4,9,4,9,4,9,4,9,4,9,4,9,4,9,4,9,4,8,5,8,5,9,4,9,4,10,4,9,4,9,4,10,3,10,3,10,3,10,3,10,3,10,3,11,2,11,1,12,1,12,1,12,2,11,2,11,2,11,2,11,2,11,2,11,2,11,2,11,2,11,2,11,2,11,2,11,2,12,1,12,1,12,1,12,1,12,1,12,1,12,1,12,1,12,1,12,1,12,1,12,1,12,1,12,1,12,1,12,1,12,1,12,2,11,2,11,2,11,2,11,3,10,3,10,4,8,5,8,5,8,5,8,5,7,6,7,6,7,6,7,6,7,6,7,6,7,7,5,9,3,4
m479,326,11,83,2,3,7,5,5,7,4,8,3,8,3,8,3,8,3,8,3,8,3,8,3,8,3,8,3,8,3,9,2,9,2,9,2,9,2,9,2,10,1,10,1,10,1,10,1,10,1,10,1,10,1,10,1,10,1,10,1,10,1,10,1,10,1,10,1,10,1,10,1,10,1,10,1,10,1,10,1,10,1,10,1,10,1,10,1,10,1,10,1,10,1,10,1,10,1,10,1,10,1,10,1,10,1,10,1,10,1,9,2,9,2,9,2,9,2,9,2,9,2,9,2,9,2,10,1,22,1,10,1,9,2,9,2,8,3,7,4,7,4,7,4,7,4,7,4,8,3,8,4,7,4,7,4,7,4,8,3,8,3,8,4,6,6,4,3
m478,326,12,81,4,3,8,5,6,7,5,7,5,7,5,7,5,7,5,7,5,7,5,7,5,7,5,7,5,7,5,7,5,7,5,8,4,8,4,8,4,7,5,8,4,8,4,8,4,8,4,8,4,8,4,8,4,8,4,8,4,8,4,9,3,9,3,9,3,9,3,10,1,11,1,11,1,11,1,143,1,11,1,11,1,11,1,11,2,9,3,9,3,9,3,9,3,9,3,9,3,9,3,9,3,9,3,9,3,9,3,8,4,7,5,7,5,7,5,7,5,7,5,7,5,7,5,7,5,7,5,8,5,7,5,7,5,7,5,7,6,5,8,3,4
