609.0,254.0,48.0,75.0
605.0,254.0,51.0,75.0
610.0,253.0,49.0,75.0
626.0,249.0,47.0,79.0
652.0,243.0,45.0,77.0
687.0,240.0,45.0,77.0
727.0,226.0,43.0,94.0
765.0,228.0,43.0,97.0
802.0,231.0,55.0,102.0
834.0,235.0,69.0,89.0
861.0,236.0,71.0,84.0
869.0,227.0,74.0,84.0
856.0,215.0,56.0,88.0
821.0,196.0,59.0,102.0
783.0,191.0,62.0,102.0
746.0,194.0,66.0,99.0
713.0,199.0,72.0,85.0
698.0,208.0,66.0,74.0
700.0,209.0,69.0,67.0
723.0,198.0,74.0,79.0
773.0,188.0,53.0,95.0
804.0,190.0,50.0,100.0
832.0,205.0,50.0,95.0
847.0,211.0,69.0,85.0
850.0,217.0,62.0,73.0
835.0,212.0,62.0,73.0
814.0,192.0,44.0,94.0
795.0,179.0,50.0,106.0
757.0,188.0,51.0,96.0
719.0,195.0,61.0,77.0
703.0,199.0,61.0,70.0
709.0,198.0,49.0,78.0
722.0,177.0,57.0,95.0
739.0,191.0,42.0,92.0
765.0,196.0,46.0,95.0
785.0,207.0,44.0,90.0
797.0,222.0,52.0,77.0
806.0,211.0,55.0,81.0
795.0,241.0,52.0,64.0
773.0,240.0,52.0,75.0
744.0,236.0,52.0,80.0
712.0,224.0,48.0,97.0
679.0,227.0,50.0,102.0
636.0,235.0,64.0,89.0
611.0,256.0,71.0,72.0
604.0,258.0,69.0,77.0
614.0,261.0,69.0,77.0
642.0,249.0,67.0,97.0
679.0,243.0,67.0,106.0
717.0,249.0,67.0,106.0
737.0,287.0,64.0,101.0
777.0,268.0,94.0,107.0
790.0,270.0,86.0,100.0
782.0,272.0,76.0,100.0
748.0,260.0,74.0,114.0
702.0,248.0,78.0,126.0
659.0,236.0,69.0,140.0
614.0,243.0,69.0,140.0
533.0,250.0,112.0,124.0
500.0,257.0,119.0,112.0
504.0,261.0,107.0,112.0
547.0,245.0,85.0,124.0
608.0,231.0,69.0,155.0
667.0,212.0,65.0,189.0
709.0,230.0,95.0,182.0
751.0,256.0,111.0,152.0
780.0,260.0,100.0,152.0
779.0,261.0,100.0,152.0
755.0,235.0,100.0,165.0
731.0,227.0,86.0,173.0
675.0,211.0,90.0,177.0
638.0,214.0,94.0,186.0
597.0,238.0,106.0,155.0
580.0,244.0,112.0,155.0
597.0,246.0,112.0,155.0
644.0,234.0,94.0,155.0
703.0,231.0,62.0,154.0
733.0,236.0,83.0,154.0
771.0,243.0,87.0,162.0
796.0,259.0,113.0,138.0
809.0,266.0,100.0,131.0
804.0,265.0,87.0,127.0
770.0,245.0,65.0,133.0
725.0,227.0,65.0,148.0
687.0,234.0,67.0,139.0
635.0,243.0,82.0,138.0
602.0,254.0,90.0,122.0
608.0,257.0,82.0,122.0
630.0,252.0,79.0,119.0
640.0,281.0,83.0,125.0
699.0,242.0,71.0,137.0
723.0,255.0,71.0,124.0
728.0,262.0,83.0,113.0
715.0,251.0,65.0,122.0
693.0,255.0,65.0,122.0
669.0,259.0,67.0,122.0
659.0,278.0,83.0,101.0
678.0,280.0,83.0,101.0
718.0,269.0,60.0,113.0
728.0,298.0,60.0,113.0
773.0,277.0,64.0,103.0
789.0,281.0,73.0,103.0
792.0,283.0,81.0,103.0
770.0,282.0,81.0,98.0
739.0,270.0,81.0,110.0
699.0,266.0,81.0,110.0
671.0,271.0,59.0,118.0
628.0,283.0,73.0,106.0
609.0,292.0,66.0,106.0
601.0,299.0,66.0,106.0
600.0,310.0,66.0,92.0
620.0,319.0,66.0,84.0
646.0,309.0,54.0,107.0
681.0,295.0,62.0,125.0
716.0,297.0,65.0,131.0
756.0,307.0,65.0,131.0
790.0,322.0,65.0,131.0
807.0,333.0,68.0,138.0
808.0,358.0,93.0,106.0
802.0,360.0,78.0,116.0
773.0,367.0,82.0,122.0
729.0,345.0,70.0,128.0
690.0,340.0,70.0,128.0
637.0,338.0,84.0,144.0
589.0,352.0,101.0,134.0
570.0,362.0,101.0,126.0
564.0,371.0,101.0,121.0
578.0,368.0,87.0,121.0
610.0,369.0,71.0,127.0
647.0,352.0,71.0,142.0
683.0,333.0,75.0,149.0
719.0,330.0,78.0,166.0
744.0,334.0,91.0,166.0
764.0,341.0,91.0,145.0
757.0,346.0,91.0,145.0
739.0,345.0,91.0,145.0
705.0,339.0,81.0,145.0
661.0,328.0,68.0,154.0
603.0,337.0,78.0,163.0
549.0,360.0,89.0,160.0
503.0,371.0,106.0,140.0
491.0,381.0,106.0,140.0
477.0,385.0,106.0,140.0
473.0,384.0,106.0,140.0
475.0,383.0,106.0,140.0
484.0,379.0,106.0,140.0
502.0,366.0,106.0,149.0
530.0,357.0,106.0,149.0
534.0,346.0,124.0,157.0
562.0,348.0,124.0,157.0
582.0,344.0,124.0,157.0
604.0,338.0,130.0,165.0
626.0,342.0,130.0,176.0
645.0,340.0,130.0,183.0
651.0,346.0,130.0,183.0
663.0,348.0,107.0,183.0
673.0,354.0,107.0,183.0
671.0,360.0,98.0,174.0
672.0,366.0,88.0,162.0
681.0,359.0,77.0,151.0
682.0,356.0,73.0,151.0
687.0,351.0,73.0,151.0
698.0,339.0,73.0,151.0
682.0,345.0,76.0,136.0
687.0,342.0,59.0,144.0
697.0,349.0,54.0,130.0
699.0,348.0,54.0,129.0
702.0,348.0,54.0,135.0
702.0,353.0,54.0,135.0
702.0,354.0,54.0,135.0
705.0,351.0,44.0,133.0
702.0,353.0,44.0,133.0
692.0,351.0,51.0,125.0
688.0,349.0,51.0,125.0
681.0,345.0,51.0,125.0
674.0,345.0,51.0,125.0
664.0,341.0,51.0,125.0
656.0,343.0,51.0,125.0
649.0,348.0,49.0,119.0
644.0,351.0,49.0,119.0
638.0,351.0,49.0,119.0
638.0,359.0,46.0,113.0
632.0,364.0,56.0,117.0
625.0,369.0,56.0,111.0
616.0,376.0,74.0,111.0
599.0,392.0,74.0,93.0
567.0,404.0,74.0,93.0
516.0,397.0,78.0,107.0
457.0,401.0,78.0,107.0
396.0,402.0,82.0,120.0
343.0,424.0,82.0,120.0
297.0,451.0,75.0,120.0
250.0,480.0,100.0,120.0
261.0,503.0,100.0,110.0
293.0,509.0,91.0,110.0
359.0,499.0,83.0,115.0
439.0,470.0,70.0,121.0
507.0,450.0,67.0,122.0
570.0,440.0,73.0,106.0
623.0,432.0,92.0,91.0
663.0,432.0,113.0,72.0
689.0,429.0,108.0,69.0
712.0,427.0,96.0,69.0
707.0,426.0,84.0,56.0
691.0,427.0,75.0,54.0
663.0,424.0,66.0,62.0
620.0,417.0,75.0,95.0
572.0,411.0,75.0,117.0
520.0,414.0,72.0,140.0
445.0,414.0,79.0,150.0
380.0,433.0,87.0,150.0
333.0,467.0,87.0,131.0
298.0,485.0,87.0,114.0
264.0,490.0,106.0,114.0
279.0,486.0,106.0,103.0
315.0,478.0,106.0,103.0
371.0,455.0,91.0,95.0
441.0,426.0,88.0,100.0
495.0,397.0,92.0,105.0
543.0,383.0,92.0,105.0
598.0,384.0,83.0,100.0
626.0,381.0,79.0,90.0
654.0,389.0,82.0,69.0
660.0,397.0,73.0,69.0
658.0,406.0,73.0,58.0
644.0,415.0,70.0,49.0
625.0,424.0,62.0,49.0
598.0,423.0,58.0,66.0
565.0,418.0,53.0,79.0
524.0,421.0,56.0,99.0
464.0,425.0,67.0,119.0
412.0,451.0,65.0,119.0
342.0,477.0,73.0,133.0
275.0,518.0,75.0,128.0
211.0,547.0,85.0,117.0
167.0,568.0,85.0,117.0
146.0,574.0,85.0,117.0
150.0,565.0,85.0,117.0
182.0,550.0,85.0,117.0
233.0,535.0,85.0,108.0
297.0,511.0,85.0,108.0
368.0,480.0,63.0,91.0
426.0,446.0,63.0,94.0
467.0,432.0,63.0,94.0
502.0,427.0,60.0,90.0
525.0,430.0,60.0,90.0
537.0,442.0,60.0,58.0
537.0,446.0,60.0,50.0
527.0,453.0,52.0,48.0
509.0,458.0,52.0,48.0
485.0,457.0,52.0,48.0
460.0,448.0,42.0,78.0
427.0,448.0,51.0,82.0
393.0,452.0,60.0,93.0
360.0,465.0,60.0,93.0
326.0,482.0,60.0,93.0
286.0,496.0,66.0,89.0
272.0,499.0,66.0,89.0
267.0,482.0,66.0,89.0
270.0,465.0,66.0,89.0
281.0,460.0,66.0,89.0
289.0,459.0,66.0,89.0
293.0,466.0,66.0,82.0
288.0,466.0,66.0,82.0
273.0,449.0,66.0,97.0
250.0,445.0,69.0,102.0
229.0,449.0,69.0,102.0
206.0,463.0,69.0,102.0
184.0,478.0,69.0,96.0
177.0,480.0,69.0,96.0
183.0,467.0,69.0,96.0
203.0,451.0,69.0,96.0
221.0,445.0,69.0,96.0
238.0,447.0,66.0,91.0
248.0,456.0,69.0,90.0
253.0,462.0,69.0,75.0
250.0,457.0,69.0,86.0
245.0,453.0,72.0,100.0
243.0,449.0,76.0,109.0
244.0,455.0,76.0,109.0
253.0,462.0,76.0,109.0
274.0,465.0,72.0,104.0
305.0,465.0,72.0,97.0
343.0,452.0,72.0,97.0
382.0,435.0,76.0,102.0
418.0,431.0,76.0,102.0
450.0,443.0,76.0,92.0
478.0,449.0,66.0,73.0
493.0,450.0,65.0,72.0
499.0,435.0,70.0,86.0
521.0,423.0,43.0,99.0
526.0,420.0,44.0,102.0
529.0,424.0,43.0,99.0
531.0,431.0,41.0,95.0
535.0,433.0,41.0,93.0
543.0,425.0,41.0,94.0
550.0,411.0,43.0,98.0
564.0,405.0,42.0,96.0
564.0,405.0,49.0,88.0
573.0,408.0,44.0,78.0
576.0,409.0,40.0,72.0
572.0,400.0,43.0,77.0
567.0,389.0,43.0,77.0
559.0,385.0,54.0,99.0
549.0,391.0,52.0,96.0
535.0,401.0,49.0,90.0
519.0,406.0,49.0,91.0
503.0,399.0,51.0,94.0
483.0,386.0,60.0,110.0
470.0,383.0,61.0,112.0
451.0,391.0,62.0,113.0
428.0,400.0,58.0,107.0
391.0,400.0,63.0,102.0
341.0,393.0,74.0,121.0
300.0,406.0,65.0,129.0
238.0,419.0,71.0,145.0
171.0,447.0,78.0,133.0
109.0,459.0,85.0,145.0
74.0,460.0,88.0,150.0
67.0,446.0,87.0,149.0
71.0,432.0,87.0,149.0
78.0,430.0,86.0,147.0
98.0,436.0,105.0,128.0
110.0,438.0,99.0,121.0
107.0,434.0,101.0,123.0
92.0,413.0,104.0,153.0
85.0,411.0,77.0,164.0
72.0,416.0,87.0,164.0
66.0,426.0,86.0,163.0
72.0,433.0,86.0,162.0
78.0,431.0,106.0,145.0
124.0,415.0,104.0,142.0
173.0,398.0,101.0,139.0
250.0,386.0,69.0,141.0
293.0,385.0,67.0,137.0
330.0,387.0,86.0,133.0
354.0,384.0,86.0,132.0
365.0,379.0,87.0,135.0
370.0,378.0,87.0,134.0
371.0,380.0,85.0,132.0
371.0,382.0,83.0,129.0
372.0,384.0,81.0,126.0
375.0,400.0,79.0,108.0
379.0,400.0,78.0,107.0
385.0,400.0,77.0,105.0
394.0,402.0,76.0,104.0
403.0,404.0,75.0,102.0
414.0,403.0,73.0,100.0
427.0,402.0,72.0,99.0
442.0,398.0,73.0,99.0
458.0,396.0,74.0,101.0
473.0,392.0,77.0,105.0
487.0,394.0,80.0,103.0
499.0,397.0,82.0,97.0
509.0,391.0,83.0,98.0
518.0,396.0,85.0,90.0
525.0,392.0,86.0,91.0
533.0,386.0,87.0,92.0
539.0,370.0,87.0,104.0
564.0,368.0,48.0,100.0
566.0,366.0,47.0,97.0
566.0,364.0,47.0,98.0
565.0,365.0,46.0,96.0
563.0,367.0,46.0,97.0
559.0,371.0,47.0,95.0
556.0,374.0,47.0,94.0
559.0,383.0,43.0,86.0
559.0,390.0,40.0,81.0
554.0,388.0,43.0,86.0
581.0,375.0,39.0,78.0
608.0,390.0,36.0,90.0
619.0,396.0,43.0,85.0
633.0,401.0,41.0,81.0
632.0,407.0,56.0,72.0
621.0,407.0,57.0,73.0
612.0,407.0,38.0,78.0
600.0,404.0,38.0,78.0
568.0,409.0,37.0,75.0
561.0,409.0,38.0,77.0
557.0,405.0,60.0,77.0
555.0,406.0,61.0,78.0
593.0,397.0,41.0,76.0
608.0,396.0,40.0,73.0
617.0,395.0,39.0,72.0
612.0,391.0,53.0,72.0
604.0,383.0,48.0,76.0
583.0,384.0,48.0,76.0
575.0,382.0,48.0,76.0
552.0,376.0,49.0,77.0
549.0,381.0,44.0,70.0
549.0,382.0,44.0,69.0
560.0,381.0,42.0,66.0
595.0,371.0,41.0,64.0
615.0,368.0,42.0,65.0
630.0,370.0,42.0,66.0
637.0,371.0,41.0,64.0
633.0,374.0,40.0,63.0
627.0,375.0,37.0,58.0
607.0,371.0,37.0,81.0
590.0,370.0,39.0,86.0
572.0,377.0,39.0,86.0
563.0,386.0,41.0,89.0
569.0,391.0,47.0,79.0
578.0,385.0,49.0,82.0
591.0,379.0,51.0,85.0
606.0,371.0,54.0,91.0
624.0,361.0,58.0,97.0
642.0,351.0,61.0,102.0
661.0,339.0,64.0,107.0
679.0,329.0,63.0,107.0
687.0,314.0,61.0,110.0
680.0,291.0,68.0,123.0
659.0,282.0,66.0,119.0
653.0,288.0,68.0,111.0
610.0,284.0,74.0,121.0
586.0,299.0,71.0,115.0
557.0,296.0,63.0,102.0
523.0,328.0,65.0,105.0
489.0,342.0,69.0,112.0
443.0,345.0,60.0,118.0
414.0,356.0,63.0,124.0
393.0,370.0,61.0,120.0
382.0,384.0,56.0,109.0
372.0,392.0,56.0,109.0
366.0,394.0,56.0,110.0
362.0,390.0,56.0,111.0
422.0,315.0,65.0,157.0
434.0,310.0,73.0,158.0
454.0,303.0,75.0,162.0
478.0,300.0,75.0,163.0
498.0,297.0,65.0,166.0
512.0,305.0,66.0,169.0
547.0,300.0,69.0,176.0
527.0,329.0,69.0,176.0
531.0,345.0,70.0,180.0
534.0,380.0,72.0,163.0
534.0,393.0,74.0,168.0
531.0,422.0,74.0,153.0
527.0,425.0,75.0,156.0
520.0,426.0,78.0,161.0
511.0,424.0,81.0,167.0
504.0,422.0,77.0,171.0
498.0,422.0,78.0,172.0
491.0,422.0,78.0,174.0
486.0,420.0,79.0,176.0
479.0,423.0,80.0,177.0
476.0,423.0,80.0,177.0
473.0,418.0,81.0,180.0
472.0,409.0,83.0,185.0
467.0,400.0,84.0,186.0
461.0,388.0,84.0,187.0
453.0,374.0,85.0,188.0
443.0,361.0,86.0,192.0
432.0,353.0,88.0,196.0
418.0,355.0,89.0,197.0
402.0,356.0,89.0,198.0
387.0,356.0,89.0,197.0
375.0,360.0,86.0,191.0
367.0,350.0,102.0,198.0
360.0,346.0,100.0,195.0
353.0,337.0,99.0,192.0
353.0,326.0,98.0,190.0
349.0,315.0,97.0,194.0
346.0,316.0,94.0,189.0
347.0,319.0,92.0,184.0
347.0,319.0,92.0,183.0
349.0,321.0,90.0,180.0
350.0,319.0,88.0,176.0
350.0,312.0,87.0,175.0
345.0,277.0,89.0,202.0
343.0,260.0,89.0,214.0
342.0,256.0,90.0,216.0
349.0,263.0,85.0,204.0
358.0,252.0,82.0,211.0
366.0,254.0,81.0,207.0
372.0,254.0,80.0,205.0
375.0,253.0,79.0,202.0
377.0,249.0,78.0,201.0
377.0,247.0,77.0,199.0
381.0,248.0,76.0,196.0
385.0,251.0,75.0,193.0
388.0,249.0,76.0,197.0
400.0,265.0,70.0,181.0
409.0,268.0,69.0,176.0
419.0,269.0,67.0,172.0
430.0,270.0,65.0,167.0
442.0,267.0,64.0,164.0
453.0,263.0,63.0,162.0
463.0,259.0,62.0,160.0
473.0,259.0,61.0,156.0
481.0,259.0,60.0,153.0
489.0,261.0,59.0,152.0
496.0,258.0,60.0,153.0
501.0,255.0,62.0,159.0
504.0,255.0,66.0,169.0
505.0,254.0,67.0,172.0
502.0,260.0,63.0,161.0
498.0,260.0,63.0,162.0
498.0,278.0,52.0,135.0
494.0,282.0,52.0,134.0
493.0,287.0,51.0,132.0
492.0,291.0,50.0,130.0
491.0,295.0,49.0,126.0
492.0,302.0,46.0,120.0
492.0,309.0,43.0,111.0
491.0,318.0,40.0,103.0
487.0,324.0,38.0,97.0
485.0,330.0,36.0,92.0
488.0,330.0,36.0,93.0
486.0,332.0,35.0,91.0
486.0,332.0,35.0,91.0
486.0,332.0,35.0,91.0
486.0,332.0,35.0,91.0
486.0,332.0,35.0,91.0
486.0,332.0,35.0,91.0
486.0,332.0,35.0,91.0
486.0,332.0,35.0,91.0
524.0,308.0,40.0,110.0
512.0,306.0,51.0,118.0
504.0,307.0,50.0,115.0
493.0,308.0,48.0,111.0
484.0,310.0,46.0,106.0
481.0,309.0,55.0,95.0
483.0,305.0,54.0,93.0
492.0,296.0,55.0,94.0
505.0,286.0,59.0,101.0
521.0,278.0,61.0,106.0
534.0,276.0,60.0,104.0
540.0,276.0,58.0,100.0
536.0,274.0,59.0,102.0
521.0,277.0,57.0,99.0
500.0,277.0,59.0,102.0
484.0,281.0,59.0,102.0
474.0,287.0,54.0,94.0
472.0,295.0,51.0,88.0
474.0,296.0,51.0,88.0
486.0,294.0,50.0,86.0
499.0,293.0,49.0,85.0
510.0,295.0,46.0,80.0
515.0,297.0,45.0,78.0
511.0,297.0,46.0,80.0
497.0,292.0,51.0,88.0
477.0,299.0,60.0,88.0
454.0,299.0,63.0,92.0
431.0,301.0,63.0,93.0
413.0,303.0,63.0,92.0
400.0,305.0,63.0,92.0
393.0,306.0,63.0,93.0
391.0,305.0,63.0,93.0
394.0,303.0,63.0,93.0
404.0,299.0,64.0,94.0
418.0,294.0,65.0,95.0
443.0,291.0,55.0,97.0
456.0,294.0,52.0,92.0
460.0,293.0,52.0,92.0
452.0,312.0,60.0,72.0
434.0,310.0,60.0,76.0
408.0,306.0,67.0,84.0
394.0,303.0,56.0,86.0
369.0,318.0,63.0,83.0
337.0,329.0,94.0,70.0
345.0,327.0,84.0,75.0
384.0,321.0,61.0,81.0
417.0,308.0,55.0,95.0
442.0,320.0,59.0,76.0
465.0,324.0,66.0,73.0
479.0,330.0,62.0,68.0
476.0,334.0,59.0,65.0
452.0,331.0,58.0,70.0
417.0,323.0,60.0,84.0
384.0,324.0,63.0,88.0
355.0,336.0,58.0,82.0
312.0,343.0,83.0,85.0
317.0,344.0,80.0,82.0
341.0,342.0,75.0,76.0
399.0,326.0,49.0,82.0
435.0,314.0,54.0,91.0
470.0,314.0,54.0,83.0
499.0,316.0,50.0,76.0
513.0,313.0,52.0,80.0
512.0,313.0,51.0,78.0
490.0,310.0,51.0,78.0
449.0,305.0,54.0,84.0
409.0,296.0,45.0,86.0
366.0,296.0,40.0,86.0
299.0,302.0,79.0,87.0
275.0,312.0,81.0,74.0
284.0,318.0,77.0,70.0
346.0,305.0,54.0,81.0
390.0,304.0,54.0,81.0
440.0,306.0,56.0,84.0
485.0,318.0,58.0,86.0
521.0,333.0,56.0,84.0
540.0,343.0,81.0,69.0
530.0,346.0,68.0,66.0
489.0,332.0,71.0,77.0
436.0,323.0,57.0,95.0
385.0,323.0,57.0,111.0
321.0,336.0,83.0,104.0
290.0,356.0,81.0,89.0
281.0,374.0,78.0,77.0
303.0,394.0,63.0,60.0
258.0,403.0,145.0,94.0
424.0,394.0,57.0,70.0
507.0,390.0,50.0,79.0
579.0,388.0,58.0,92.0
643.0,395.0,63.0,94.0
686.0,402.0,72.0,106.0
749.0,425.0,70.0,103.0
778.0,439.0,63.0,93.0
762.0,440.0,60.0,88.0
775.0,411.0,54.0,73.0
749.0,400.0,55.0,74.0
720.0,400.0,53.0,72.0
693.0,400.0,52.0,70.0
654.0,403.0,68.0,69.0
640.0,408.0,63.0,57.0
641.0,411.0,59.0,54.0
658.0,414.0,56.0,51.0
689.0,414.0,56.0,51.0
733.0,405.0,63.0,67.0
792.0,401.0,51.0,76.0
845.0,406.0,46.0,76.0
897.0,411.0,43.0,83.0
938.0,426.0,58.0,73.0
968.0,430.0,65.0,72.0
988.0,428.0,65.0,72.0
992.0,425.0,64.0,71.0
975.0,417.0,64.0,70.0
940.0,404.0,56.0,72.0
894.0,377.0,52.0,94.0
847.0,377.0,56.0,82.0
800.0,371.0,57.0,83.0
746.0,371.0,80.0,68.0
719.0,376.0,78.0,66.0
715.0,382.0,67.0,63.0
738.0,386.0,46.0,58.0
777.0,397.0,44.0,78.0
811.0,369.0,47.0,92.0
864.0,365.0,52.0,102.0
921.0,377.0,82.0,107.0
980.0,393.0,105.0,105.0
1036.0,404.0,100.0,96.0
1075.0,410.0,103.0,100.0
1085.0,409.0,105.0,102.0
1062.0,402.0,106.0,103.0
1013.0,381.0,98.0,108.0
938.0,355.0,92.0,135.0
884.0,345.0,81.0,137.0
817.0,359.0,90.0,112.0
770.0,367.0,84.0,104.0
685.0,332.0,90.0,112.0
727.0,370.0,81.0,84.0
736.0,368.0,82.0,85.0
761.0,356.0,95.0,109.0
815.0,343.0,98.0,125.0
0
992.0,344.0,85.0,157.0
1068.0,366.0,130.0,154.0
1140.0,372.0,131.0,155.0
1181.0,374.0,139.0,164.0
1177.0,368.0,139.0,164.0
1124.0,342.0,142.0,159.0
1127.0,342.0,142.0,159.0
978.0,309.0,104.0,160.0
898.0,313.0,104.0,160.0
830.0,312.0,103.0,159.0
749.0,345.0,104.0,127.0
717.0,356.0,96.0,102.0
710.0,360.0,93.0,99.0
726.0,358.0,98.0,104.0
757.0,345.0,109.0,129.0
0
881.0,354.0,86.0,147.0
922.0,366.0,91.0,151.0
959.0,384.0,122.0,135.0
979.0,392.0,118.0,130.0
963.0,395.0,121.0,109.0
915.0,379.0,112.0,117.0
852.0,351.0,77.0,139.0
788.0,338.0,77.0,139.0
725.0,333.0,78.0,140.0
663.0,343.0,88.0,117.0
640.0,349.0,71.0,92.0
0
0
662.0,331.0,69.0,98.0
708.0,320.0,69.0,111.0
778.0,306.0,69.0,132.0
849.0,310.0,68.0,131.0
907.0,323.0,90.0,130.0
955.0,325.0,110.0,128.0
988.0,344.0,113.0,113.0
992.0,354.0,108.0,108.0
964.0,360.0,98.0,108.0
0
883.0,359.0,107.0,140.0
815.0,369.0,108.0,141.0
746.0,391.0,107.0,122.0
690.0,417.0,110.0,92.0
662.0,429.0,104.0,87.0
0
723.0,419.0,93.0,90.0
804.0,403.0,75.0,107.0
883.0,387.0,75.0,116.0
905.0,383.0,85.0,132.0
875.0,409.0,76.0,121.0
797.0,435.0,102.0,105.0
676.0,448.0,102.0,92.0
0
401.0,439.0,82.0,73.0
275.0,411.0,71.0,95.0
184.0,388.0,87.0,118.0
164.0,379.0,76.0,128.0
226.0,393.0,76.0,128.0
308.0,422.0,105.0,104.0
456.0,450.0,105.0,87.0
629.0,469.0,86.0,71.0
781.0,479.0,91.0,75.0
920.0,481.0,91.0,75.0
1045.0,474.0,85.0,99.0
1136.0,469.0,100.0,128.0
1186.0,475.0,117.0,141.0
1229.0,499.0,77.0,142.0
1224.0,526.0,54.0,151.0
1181.0,535.0,98.0,146.0
1079.0,516.0,128.0,107.0
963.0,485.0,128.0,99.0
826.0,440.0,92.0,99.0
696.0,401.0,92.0,99.0
619.0,378.0,68.0,100.0
589.0,378.0,69.0,102.0
591.0,404.0,85.0,101.0
639.0,440.0,82.0,80.0
716.0,472.0,84.0,65.0
799.0,480.0,84.0,65.0
893.0,485.0,84.0,65.0
961.0,480.0,84.0,65.0
1020.0,465.0,89.0,93.0
1062.0,454.0,101.0,125.0
1095.0,460.0,100.0,136.0
1096.0,475.0,102.0,139.0
1063.0,484.0,134.0,125.0
987.0,489.0,119.0,97.0
884.0,462.0,109.0,83.0
758.0,429.0,109.0,83.0
651.0,396.0,70.0,83.0
564.0,381.0,52.0,74.0
522.0,379.0,48.0,87.0
0
0
607.0,428.0,64.0,79.0
679.0,450.0,64.0,61.0
756.0,448.0,64.0,61.0
834.0,444.0,64.0,61.0
886.0,429.0,75.0,83.0
910.0,420.0,73.0,104.0
920.0,422.0,62.0,100.0
876.0,430.0,61.0,98.0
814.0,432.0,61.0,98.0
727.0,428.0,89.0,76.0
633.0,419.0,86.0,59.0
0
465.0,387.0,65.0,74.0
409.0,381.0,65.0,74.0
383.0,374.0,66.0,89.0
398.0,380.0,66.0,90.0
433.0,397.0,73.0,90.0
487.0,397.0,71.0,90.0
567.0,424.0,66.0,63.0
643.0,428.0,66.0,63.0
714.0,430.0,66.0,63.0
778.0,426.0,66.0,63.0
820.0,422.0,66.0,75.0
837.0,415.0,70.0,98.0
830.0,414.0,79.0,111.0
805.0,425.0,81.0,108.0
762.0,436.0,82.0,93.0
713.0,431.0,69.0,75.0
634.0,407.0,69.0,75.0
0
522.0,393.0,65.0,60.0
490.0,386.0,66.0,61.0
487.0,382.0,65.0,79.0
512.0,384.0,66.0,80.0
577.0,395.0,68.0,95.0
629.0,424.0,72.0,84.0
706.0,442.0,86.0,84.0
790.0,466.0,86.0,65.0
849.0,474.0,86.0,65.0
903.0,481.0,83.0,63.0
945.0,486.0,81.0,77.0
979.0,487.0,80.0,97.0
1000.0,494.0,96.0,116.0
1017.0,511.0,101.0,123.0
1046.0,523.0,81.0,123.0
1040.0,525.0,88.0,133.0
1015.0,512.0,91.0,118.0
968.0,491.0,85.0,110.0
909.0,472.0,79.0,103.0
854.0,458.0,75.0,97.0
807.0,448.0,74.0,95.0
777.0,442.0,73.0,110.0
768.0,448.0,73.0,110.0
745.0,461.0,100.0,105.0
756.0,467.0,99.0,89.0
769.0,463.0,92.0,83.0
779.0,455.0,88.0,79.0
782.0,448.0,83.0,75.0
771.0,443.0,81.0,72.0
751.0,437.0,83.0,74.0
713.0,426.0,84.0,104.0
666.0,418.0,84.0,104.0
613.0,418.0,84.0,104.0
0
0
526.0,400.0,66.0,79.0
529.0,389.0,65.0,78.0
563.0,386.0,65.0,77.0
607.0,388.0,64.0,75.0
674.0,390.0,52.0,104.0
745.0,405.0,58.0,113.0
810.0,422.0,78.0,113.0
862.0,447.0,78.0,104.0
886.0,455.0,93.0,89.0
914.0,454.0,86.0,83.0
927.0,463.0,83.0,61.0
933.0,458.0,91.0,69.0
934.0,462.0,92.0,83.0
931.0,458.0,95.0,103.0
909.0,448.0,99.0,108.0
870.0,442.0,101.0,110.0
851.0,436.0,77.0,109.0
818.0,428.0,75.0,106.0
802.0,420.0,71.0,83.0
813.0,418.0,67.0,79.0
849.0,431.0,65.0,76.0
899.0,454.0,76.0,77.0
963.0,486.0,74.0,75.0
1009.0,506.0,68.0,94.0
1031.0,510.0,77.0,113.0
1030.0,509.0,92.0,120.0
1017.0,503.0,93.0,110.0
977.0,500.0,104.0,101.0
947.0,495.0,96.0,93.0
920.0,488.0,89.0,86.0
896.0,490.0,84.0,63.0
894.0,475.0,71.0,70.0
868.0,461.0,70.0,87.0
823.0,440.0,76.0,94.0
745.0,418.0,76.0,120.0
650.0,407.0,76.0,120.0
0
447.0,404.0,106.0,86.0
389.0,400.0,101.0,82.0
369.0,398.0,98.0,79.0
388.0,396.0,97.0,78.0
442.0,398.0,94.0,76.0
528.0,408.0,94.0,76.0
618.0,425.0,92.0,87.0
698.0,433.0,92.0,103.0
760.0,441.0,92.0,103.0
799.0,439.0,97.0,108.0
803.0,440.0,95.0,106.0
780.0,441.0,93.0,87.0
744.0,439.0,87.0,75.0
698.0,437.0,84.0,72.0
657.0,439.0,78.0,67.0
613.0,444.0,72.0,62.0
613.0,444.0,72.0,62.0
0
460.0,431.0,67.0,88.0
423.0,411.0,78.0,112.0
421.0,389.0,86.0,124.0
463.0,375.0,89.0,128.0
541.0,378.0,89.0,128.0
649.0,379.0,106.0,88.0
777.0,390.0,106.0,88.0
927.0,423.0,106.0,88.0
1125.0,478.0,106.0,88.0
0
0
0
0
0
0
1054.0,524.0,131.0,146.0
912.0,485.0,131.0,146.0
810.0,499.0,131.0,89.0
760.0,493.0,107.0,80.0
731.0,493.0,94.0,70.0
712.0,495.0,91.0,68.0
706.0,498.0,89.0,67.0
706.0,493.0,89.0,67.0
704.0,480.0,89.0,86.0
702.0,456.0,89.0,106.0
701.0,423.0,90.0,129.0
704.0,398.0,95.0,136.0
743.0,391.0,81.0,134.0
785.0,390.0,87.0,132.0
853.0,393.0,111.0,105.0
931.0,398.0,111.0,105.0
1033.0,424.0,101.0,83.0
1149.0,450.0,101.0,83.0
0
0
0
0
0
0
0
0
0
0
1194.0,608.0,86.0,67.0
1201.0,615.0,78.0,61.0
1221.0,625.0,81.0,63.0
0
0
0
0
0
0
0
0
0
0
0
0
0
0
0
0
0
0
1117.0,531.0,98.0,64.0
1000.0,506.0,98.0,64.0
907.0,483.0,74.0,58.0
836.0,463.0,64.0,48.0
787.0,440.0,64.0,48.0
763.0,425.0,65.0,49.0
772.0,410.0,65.0,67.0
812.0,400.0,69.0,71.0
893.0,412.0,58.0,83.0
1001.0,433.0,49.0,79.0
1131.0,461.0,69.0,89.0
0
0
0
0
0
0
0
0
0
1101.0,427.0,88.0,77.0
1022.0,414.0,88.0,77.0
964.0,403.0,88.0,77.0
925.0,392.0,88.0,77.0
909.0,380.0,74.0,91.0
879.0,373.0,76.0,93.0
857.0,375.0,62.0,90.0
836.0,377.0,60.0,87.0
827.0,375.0,59.0,85.0
815.0,369.0,59.0,86.0
795.0,361.0,60.0,87.0
766.0,351.0,62.0,90.0
734.0,337.0,60.0,100.0
700.0,331.0,62.0,104.0
670.0,333.0,61.0,101.0
641.0,339.0,60.0,100.0
617.0,345.0,59.0,98.0
603.0,351.0,57.0,82.0
601.0,354.0,59.0,84.0
616.0,354.0,60.0,86.0
636.0,351.0,66.0,96.0
660.0,352.0,70.0,117.0
694.0,358.0,59.0,118.0
720.0,368.0,57.0,114.0
735.0,373.0,56.0,112.0
740.0,377.0,55.0,109.0
729.0,379.0,54.0,108.0
705.0,372.0,56.0,112.0
677.0,363.0,59.0,117.0
650.0,364.0,55.0,111.0
626.0,366.0,52.0,105.0
0
0
0
0
662.0,350.0,49.0,106.0
701.0,359.0,44.0,96.0
739.0,357.0,44.0,96.0
760.0,353.0,58.0,115.0
786.0,358.0,57.0,101.0
801.0,360.0,54.0,96.0
804.0,361.0,50.0,89.0
794.0,359.0,49.0,88.0
0
732.0,354.0,58.0,95.0
692.0,353.0,51.0,103.0
652.0,343.0,42.0,113.0
603.0,355.0,47.0,99.0
566.0,367.0,47.0,99.0
520.0,378.0,68.0,93.0
502.0,383.0,64.0,78.0
0
505.0,384.0,54.0,73.0
520.0,388.0,50.0,68.0
547.0,390.0,49.0,67.0
588.0,393.0,47.0,64.0
639.0,391.0,53.0,66.0
701.0,390.0,51.0,64.0
773.0,378.0,51.0,83.0
843.0,363.0,62.0,99.0
912.0,356.0,72.0,111.0
972.0,356.0,72.0,105.0
1012.0,361.0,63.0,92.0
1027.0,365.0,53.0,77.0
1007.0,365.0,58.0,72.0
977.0,368.0,52.0,56.0
932.0,371.0,52.0,56.0
882.0,375.0,59.0,48.0
827.0,378.0,59.0,49.0
766.0,382.0,59.0,46.0
708.0,379.0,49.0,56.0
639.0,374.0,49.0,56.0
577.0,367.0,48.0,69.0
515.0,364.0,48.0,69.0
463.0,371.0,48.0,62.0
421.0,376.0,54.0,51.0
410.0,376.0,49.0,47.0
416.0,373.0,45.0,43.0
433.0,371.0,44.0,42.0
459.0,370.0,42.0,39.0
498.0,367.0,42.0,39.0
532.0,371.0,42.0,39.0
582.0,371.0,35.0,39.0
628.0,371.0,35.0,39.0
683.0,375.0,35.0,39.0
741.0,371.0,43.0,59.0
809.0,377.0,48.0,69.0
896.0,381.0,48.0,69.0
965.0,389.0,74.0,69.0
1022.0,396.0,74.0,69.0
1049.0,403.0,73.0,68.0
1055.0,404.0,72.0,67.0
1031.0,403.0,69.0,64.0
995.0,404.0,63.0,59.0
952.0,409.0,49.0,47.0
896.0,401.0,49.0,47.0
841.0,400.0,49.0,47.0
786.0,395.0,40.0,40.0
736.0,392.0,40.0,40.0
685.0,382.0,40.0,40.0
636.0,371.0,40.0,40.0
596.0,353.0,37.0,48.0
554.0,338.0,37.0,48.0
522.0,332.0,37.0,48.0
495.0,329.0,44.0,51.0
484.0,329.0,41.0,40.0
485.0,330.0,40.0,46.0
494.0,340.0,39.0,32.0
515.0,349.0,35.0,28.0
548.0,358.0,35.0,28.0
0
617.0,389.0,33.0,27.0
657.0,399.0,33.0,38.0
701.0,416.0,33.0,47.0
753.0,443.0,33.0,47.0
803.0,471.0,33.0,47.0
853.0,498.0,33.0,47.0
897.0,519.0,33.0,47.0
928.0,536.0,33.0,47.0
944.0,544.0,33.0,47.0
941.0,543.0,32.0,46.0
921.0,538.0,32.0,46.0
890.0,529.0,30.0,42.0
849.0,511.0,30.0,42.0
800.0,490.0,32.0,45.0
748.0,466.0,32.0,45.0
700.0,447.0,32.0,45.0
655.0,434.0,30.0,45.0
609.0,425.0,31.0,39.0
577.0,424.0,22.0,30.0
550.0,421.0,21.0,29.0
533.0,418.0,21.0,28.0
529.0,413.0,21.0,28.0
533.0,410.0,21.0,42.0
543.0,413.0,22.0,43.0
554.0,421.0,22.0,45.0
568.0,430.0,21.0,42.0
578.0,437.0,21.0,41.0
581.0,437.0,21.0,42.0
578.0,433.0,21.0,42.0
572.0,430.0,23.0,47.0
568.0,432.0,23.0,47.0
0
554.0,447.0,39.0,33.0
563.0,453.0,39.0,33.0
576.0,454.0,43.0,36.0
0
615.0,460.0,38.0,51.0
629.0,468.0,36.0,48.0
634.0,471.0,33.0,44.0
629.0,470.0,31.0,42.0
613.0,460.0,32.0,43.0
592.0,447.0,33.0,45.0
592.0,447.0,33.0,45.0
537.0,432.0,45.0,48.0
522.0,429.0,42.0,45.0
514.0,427.0,38.0,40.0
513.0,421.0,43.0,46.0
521.0,415.0,44.0,47.0
541.0,412.0,34.0,48.0
550.0,413.0,34.0,48.0
558.0,416.0,34.0,47.0
0
565.0,415.0,32.0,36.0
559.0,412.0,32.0,36.0
546.0,406.0,34.0,38.0
532.0,398.0,35.0,39.0
519.0,393.0,24.0,39.0
509.0,393.0,23.0,38.0
0
495.0,391.0,36.0,39.0
502.0,395.0,34.0,37.0
515.0,399.0,33.0,36.0
536.0,399.0,33.0,36.0
562.0,398.0,33.0,36.0
588.0,396.0,33.0,36.0
611.0,395.0,32.0,35.0
633.0,399.0,27.0,29.0
0
659.0,398.0,30.0,31.0
665.0,397.0,30.0,31.0
667.0,395.0,29.0,30.0
666.0,393.0,29.0,30.0
662.0,391.0,29.0,30.0
657.0,388.0,28.0,29.0
650.0,385.0,28.0,29.0
643.0,382.0,29.0,30.0
637.0,380.0,28.0,29.0
629.0,379.0,29.0,30.0
624.0,377.0,28.0,28.0
619.0,376.0,26.0,27.0
615.0,374.0,27.0,28.0
612.0,371.0,30.0,31.0
611.0,369.0,31.0,32.0
612.0,367.0,29.0,30.0
615.0,364.0,30.0,31.0
619.0,360.0,30.0,31.0
624.0,358.0,31.0,32.0
629.0,355.0,31.0,32.0
636.0,355.0,31.0,32.0
642.0,354.0,31.0,32.0
649.0,355.0,31.0,32.0
655.0,357.0,31.0,32.0
660.0,358.0,31.0,32.0
666.0,361.0,33.0,34.0
666.0,361.0,33.0,34.0
0
681.0,380.0,15.0,30.0
683.0,385.0,15.0,31.0
684.0,390.0,15.0,31.0
683.0,393.0,16.0,31.0
681.0,397.0,16.0,33.0
680.0,400.0,16.0,33.0
677.0,402.0,16.0,32.0
674.0,403.0,16.0,32.0
670.0,404.0,16.0,32.0
666.0,405.0,16.0,32.0
660.0,404.0,16.0,31.0
656.0,402.0,16.0,32.0
651.0,401.0,16.0,32.0
647.0,401.0,17.0,34.0
644.0,402.0,17.0,33.0
641.0,403.0,16.0,32.0
639.0,403.0,16.0,33.0
638.0,403.0,16.0,32.0
639.0,403.0,15.0,31.0
641.0,402.0,15.0,31.0
644.0,402.0,15.0,31.0
647.0,401.0,15.0,31.0
652.0,402.0,15.0,31.0
657.0,400.0,16.0,32.0
663.0,400.0,16.0,32.0
670.0,398.0,16.0,31.0
677.0,397.0,16.0,31.0
685.0,396.0,15.0,31.0
693.0,394.0,16.0,31.0
701.0,395.0,16.0,31.0
709.0,396.0,16.0,31.0
719.0,397.0,15.0,31.0
727.0,397.0,16.0,32.0
734.0,398.0,17.0,28.0
739.0,399.0,17.0,28.0
742.0,400.0,17.0,28.0
743.0,401.0,17.0,28.0
741.0,403.0,17.0,28.0
737.0,406.0,17.0,29.0
732.0,407.0,17.0,29.0
725.0,410.0,17.0,27.0
719.0,411.0,17.0,28.0
713.0,414.0,16.0,26.0
705.0,416.0,16.0,27.0
698.0,418.0,17.0,27.0
691.0,419.0,17.0,28.0
685.0,421.0,17.0,28.0
679.0,424.0,17.0,28.0
674.0,427.0,16.0,27.0
667.0,429.0,16.0,26.0
659.0,431.0,17.0,28.0
0
0
0
0
604.0,424.0,27.0,47.0
592.0,425.0,28.0,49.0
581.0,426.0,28.0,45.0
570.0,424.0,29.0,46.0
562.0,424.0,28.0,45.0
555.0,423.0,28.0,45.0
548.0,420.0,28.0,46.0
545.0,418.0,29.0,46.0
541.0,417.0,30.0,49.0
539.0,417.0,30.0,49.0
0
0
0
0
0
0
0
551.0,400.0,26.0,53.0
554.0,401.0,26.0,54.0
557.0,402.0,27.0,55.0
561.0,406.0,28.0,52.0
565.0,408.0,29.0,53.0
563.0,410.0,29.0,54.0
580.0,419.0,25.0,46.0
585.0,422.0,25.0,46.0
591.0,428.0,24.0,45.0
594.0,431.0,25.0,46.0
599.0,435.0,24.0,45.0
601.0,438.0,25.0,46.0
603.0,441.0,24.0,45.0
604.0,444.0,24.0,45.0
604.0,449.0,24.0,45.0
600.0,449.0,25.0,46.0
602.0,457.0,22.0,42.0
606.0,460.0,23.0,43.0
593.0,462.0,23.0,43.0
601.0,463.0,21.0,40.0
570.0,461.0,22.0,42.0
558.0,461.0,22.0,42.0
545.0,459.0,23.0,44.0
531.0,460.0,21.0,41.0
515.0,459.0,21.0,40.0
498.0,456.0,22.0,43.0
483.0,455.0,22.0,41.0
475.0,450.0,21.0,41.0
0
456.0,441.0,16.0,52.0
448.0,440.0,16.0,52.0
443.0,440.0,16.0,52.0
439.0,438.0,16.0,53.0
437.0,436.0,17.0,54.0
437.0,435.0,17.0,54.0
437.0,433.0,17.0,55.0
433.0,434.0,17.0,55.0
0
0
0
0
460.0,440.0,22.0,45.0
465.0,441.0,22.0,46.0
471.0,442.0,22.0,45.0
476.0,443.0,22.0,46.0
476.0,443.0,22.0,46.0
486.0,443.0,22.0,46.0
493.0,440.0,18.0,49.0
497.0,435.0,19.0,53.0
502.0,434.0,19.0,53.0
507.0,433.0,20.0,53.0
511.0,436.0,19.0,52.0
516.0,437.0,18.0,48.0
517.0,435.0,18.0,50.0
516.0,433.0,18.0,50.0
511.0,431.0,18.0,50.0
504.0,426.0,19.0,51.0
496.0,423.0,19.0,51.0
487.0,418.0,19.0,51.0
487.0,418.0,19.0,51.0
482.0,407.0,20.0,55.0
462.0,404.0,20.0,56.0
457.0,403.0,20.0,57.0
452.0,406.0,20.0,56.0
448.0,410.0,19.0,54.0
443.0,415.0,18.0,51.0
434.0,416.0,18.0,49.0
426.0,420.0,17.0,46.0
416.0,424.0,15.0,43.0
404.0,425.0,15.0,43.0
404.0,425.0,15.0,43.0
371.0,420.0,34.0,55.0
362.0,428.0,29.0,51.0
352.0,438.0,32.0,49.0
352.0,452.0,29.0,35.0
344.0,457.0,29.0,35.0
0
0
0
0
0
0
0
0
0
0
0
0
0
0
0
0
0
0
0
0
0
0
488.0,489.0,39.0,32.0
493.0,488.0,38.0,31.0
493.0,488.0,38.0,31.0
520.0,485.0,38.0,31.0
542.0,478.0,41.0,33.0
582.0,469.0,25.0,33.0
607.0,462.0,25.0,33.0
632.0,455.0,25.0,33.0
655.0,452.0,24.0,32.0
672.0,447.0,25.0,33.0
680.0,443.0,25.0,33.0
682.0,439.0,24.0,31.0
679.0,436.0,23.0,30.0
670.0,433.0,22.0,29.0
657.0,432.0,22.0,30.0
642.0,433.0,20.0,26.0
622.0,434.0,20.0,26.0
601.0,434.0,19.0,25.0
579.0,436.0,19.0,25.0
554.0,437.0,19.0,25.0
554.0,437.0,19.0,25.0
496.0,438.0,23.0,30.0
458.0,437.0,32.0,41.0
427.0,435.0,32.0,47.0
396.0,447.0,30.0,39.0
362.0,452.0,30.0,39.0
335.0,455.0,30.0,39.0
314.0,457.0,30.0,39.0
303.0,458.0,28.0,36.0
295.0,454.0,33.0,43.0
301.0,455.0,32.0,42.0
318.0,454.0,31.0,41.0
343.0,452.0,31.0,40.0
378.0,450.0,31.0,40.0
410.0,446.0,31.0,40.0
451.0,446.0,31.0,40.0
486.0,446.0,31.0,43.0
524.0,452.0,31.0,43.0
564.0,461.0,31.0,43.0
603.0,468.0,31.0,43.0
639.0,476.0,31.0,43.0
673.0,483.0,31.0,43.0
710.0,492.0,31.0,43.0
737.0,497.0,32.0,44.0
762.0,504.0,32.0,44.0
783.0,509.0,33.0,46.0
797.0,512.0,35.0,48.0
802.0,514.0,34.0,47.0
801.0,517.0,32.0,45.0
787.0,514.0,32.0,44.0
762.0,503.0,36.0,49.0
737.0,493.0,39.0,69.0
709.0,495.0,38.0,68.0
679.0,498.0,38.0,67.0
649.0,504.0,37.0,66.0
620.0,508.0,43.0,52.0
606.0,515.0,40.0,49.0
600.0,522.0,38.0,46.0
601.0,529.0,36.0,43.0
611.0,531.0,36.0,44.0
633.0,529.0,34.0,41.0
659.0,521.0,33.0,40.0
679.0,508.0,36.0,56.0
0
713.0,497.0,40.0,59.0
720.0,502.0,38.0,50.0
720.0,504.0,34.0,45.0
711.0,506.0,30.0,39.0
695.0,505.0,29.0,38.0
674.0,507.0,27.0,35.0
648.0,509.0,26.0,34.0
648.0,509.0,26.0,34.0
580.0,512.0,26.0,34.0
549.0,511.0,26.0,34.0
517.0,506.0,26.0,42.0
489.0,503.0,26.0,42.0
463.0,501.0,26.0,42.0
438.0,506.0,26.0,43.0
419.0,511.0,26.0,41.0
407.0,513.0,26.0,41.0
403.0,514.0,24.0,39.0
398.0,515.0,33.0,39.0
0
430.0,517.0,27.0,30.0
451.0,516.0,27.0,30.0
477.0,516.0,29.0,32.0
509.0,512.0,27.0,30.0
0
0
615.0,509.0,36.0,50.0
653.0,514.0,36.0,50.0
680.0,519.0,36.0,50.0
703.0,520.0,37.0,51.0
713.0,519.0,38.0,53.0
710.0,517.0,36.0,48.0
706.0,514.0,36.0,53.0
689.0,517.0,41.0,55.0
673.0,523.0,40.0,54.0
665.0,527.0,38.0,52.0
669.0,528.0,38.0,51.0
687.0,529.0,38.0,51.0
719.0,527.0,39.0,52.0
762.0,512.0,39.0,52.0
818.0,502.0,42.0,71.0
863.0,489.0,59.0,81.0
909.0,491.0,58.0,81.0
937.0,488.0,69.0,74.0
933.0,472.0,72.0,78.0
917.0,462.0,52.0,77.0
882.0,459.0,43.0,64.0
826.0,452.0,43.0,64.0
783.0,459.0,43.0,64.0
744.0,483.0,43.0,45.0
0
0
0
0
0
0
0
0
0
548.0,557.0,46.0,56.0
522.0,556.0,42.0,61.0
505.0,569.0,38.0,57.0
490.0,574.0,39.0,58.0
485.0,573.0,37.0,55.0
489.0,564.0,37.0,56.0
501.0,549.0,36.0,54.0
513.0,539.0,36.0,54.0
526.0,533.0,36.0,53.0
538.0,530.0,33.0,50.0
542.0,527.0,32.0,49.0
537.0,523.0,31.0,42.0
0
0
0
471.0,525.0,43.0,41.0
464.0,531.0,41.0,39.0
468.0,530.0,40.0,38.0
480.0,524.0,42.0,40.0
495.0,515.0,47.0,45.0
0
540.0,523.0,39.0,37.0
563.0,527.0,34.0,33.0
576.0,529.0,33.0,32.0
573.0,527.0,40.0,38.0
570.0,523.0,42.0,40.0
570.0,523.0,34.0,40.0
563.0,519.0,35.0,48.0
555.0,523.0,35.0,48.0
548.0,527.0,36.0,50.0
548.0,528.0,37.0,50.0
0
559.0,519.0,39.0,56.0
567.0,520.0,39.0,57.0
574.0,523.0,40.0,58.0
579.0,524.0,54.0,57.0
580.0,524.0,52.0,55.0
571.0,519.0,53.0,56.0
557.0,510.0,58.0,62.0
559.0,506.0,34.0,64.0
556.0,512.0,34.0,63.0
541.0,522.0,53.0,64.0
560.0,525.0,51.0,62.0
595.0,518.0,51.0,62.0
644.0,501.0,51.0,62.0
694.0,490.0,43.0,81.0
732.0,489.0,53.0,81.0
757.0,497.0,58.0,73.0
771.0,504.0,58.0,73.0
762.0,506.0,58.0,73.0
0
0
652.0,501.0,43.0,77.0
607.0,508.0,43.0,77.0
578.0,513.0,40.0,72.0
565.0,512.0,41.0,73.0
577.0,502.0,41.0,74.0
609.0,488.0,39.0,69.0
649.0,483.0,47.0,83.0
694.0,487.0,55.0,83.0
0
0
772.0,494.0,62.0,65.0
768.0,486.0,50.0,89.0
756.0,485.0,51.0,91.0
738.0,493.0,50.0,88.0
729.0,502.0,45.0,80.0
731.0,502.0,57.0,58.0
750.0,493.0,57.0,58.0
784.0,473.0,61.0,62.0
819.0,455.0,64.0,82.0
859.0,455.0,55.0,78.0
879.0,458.0,65.0,76.0
885.0,463.0,59.0,69.0
866.0,463.0,55.0,64.0
828.0,458.0,55.0,64.0
782.0,460.0,55.0,73.0
740.0,465.0,55.0,73.0
702.0,477.0,52.0,69.0
674.0,483.0,51.0,67.0
658.0,484.0,49.0,65.0
652.0,479.0,47.0,54.0
658.0,470.0,47.0,54.0
674.0,458.0,47.0,54.0
703.0,446.0,48.0,55.0
735.0,430.0,52.0,60.0
775.0,412.0,52.0,72.0
814.0,388.0,58.0,85.0
852.0,370.0,60.0,88.0
883.0,364.0,64.0,93.0
910.0,380.0,62.0,66.0
917.0,386.0,57.0,60.0
921.0,401.0,52.0,54.0
912.0,417.0,51.0,42.0
892.0,435.0,52.0,43.0
0
0
0
701.0,483.0,50.0,64.0
644.0,491.0,50.0,64.0
0
0
524.0,528.0,35.0,48.0
502.0,533.0,36.0,49.0
493.0,534.0,35.0,47.0
495.0,535.0,33.0,45.0
505.0,535.0,32.0,44.0
523.0,534.0,30.0,41.0
547.0,531.0,30.0,40.0
578.0,526.0,30.0,41.0
609.0,516.0,37.0,44.0
649.0,505.0,37.0,44.0
688.0,495.0,38.0,53.0
723.0,494.0,38.0,53.0
0
0
0
0
786.0,510.0,39.0,40.0
0
735.0,505.0,50.0,48.0
702.0,502.0,47.0,48.0
658.0,494.0,47.0,48.0
608.0,485.0,47.0,48.0
559.0,475.0,47.0,59.0
511.0,469.0,47.0,59.0
470.0,473.0,47.0,55.0
438.0,479.0,48.0,56.0
419.0,488.0,46.0,54.0
414.0,495.0,44.0,52.0
423.0,503.0,42.0,49.0
448.0,508.0,41.0,48.0
482.0,512.0,41.0,48.0
527.0,512.0,41.0,48.0
577.0,505.0,41.0,48.0
622.0,492.0,43.0,54.0
681.0,468.0,43.0,77.0
0
791.0,442.0,66.0,88.0
846.0,441.0,75.0,87.0
893.0,448.0,76.0,76.0
924.0,450.0,75.0,75.0
943.0,455.0,80.0,73.0
953.0,463.0,74.0,67.0
946.0,466.0,71.0,65.0
0
878.0,468.0,89.0,68.0
844.0,471.0,71.0,66.0
787.0,464.0,71.0,66.0
726.0,459.0,71.0,75.0
668.0,448.0,71.0,85.0
625.0,447.0,37.0,85.0
570.0,445.0,37.0,85.0
521.0,454.0,47.0,85.0
481.0,466.0,46.0,84.0
455.0,477.0,43.0,66.0
440.0,493.0,51.0,57.0
436.0,501.0,49.0,54.0
444.0,502.0,46.0,51.0
460.0,501.0,45.0,50.0
480.0,500.0,43.0,48.0
504.0,496.0,44.0,49.0
532.0,492.0,44.0,49.0
572.0,483.0,44.0,49.0
616.0,473.0,44.0,64.0
651.0,459.0,53.0,73.0
693.0,451.0,53.0,73.0
734.0,450.0,54.0,74.0
768.0,456.0,71.0,68.0
796.0,468.0,65.0,58.0
812.0,475.0,62.0,55.0
814.0,483.0,59.0,53.0
0
781.0,494.0,55.0,43.0
758.0,495.0,53.0,42.0
731.0,494.0,53.0,41.0
699.0,483.0,53.0,52.0
668.0,475.0,50.0,64.0
635.0,468.0,53.0,67.0
607.0,467.0,54.0,69.0
581.0,471.0,53.0,68.0
560.0,477.0,54.0,56.0
547.0,482.0,53.0,55.0
544.0,486.0,49.0,50.0
549.0,484.0,47.0,49.0
559.0,480.0,46.0,48.0
572.0,475.0,44.0,46.0
590.0,467.0,44.0,46.0
610.0,456.0,46.0,47.0
637.0,447.0,40.0,41.0
0
670.0,429.0,30.0,59.0
677.0,429.0,29.0,58.0
669.0,435.0,37.0,59.0
661.0,443.0,35.0,57.0
0
614.0,460.0,39.0,54.0
588.0,464.0,42.0,59.0
568.0,472.0,43.0,60.0
558.0,483.0,40.0,56.0
560.0,495.0,37.0,51.0
0
575.0,501.0,46.0,49.0
599.0,493.0,49.0,52.0
0
653.0,486.0,40.0,66.0
672.0,483.0,41.0,68.0
684.0,479.0,40.0,66.0
694.0,471.0,47.0,66.0
702.0,464.0,49.0,68.0
709.0,460.0,51.0,71.0
714.0,453.0,41.0,74.0
707.0,446.0,41.0,80.0
690.0,447.0,49.0,79.0
670.0,451.0,48.0,77.0
654.0,457.0,47.0,75.0
644.0,459.0,48.0,78.0
0
672.0,439.0,33.0,77.0
697.0,431.0,34.0,80.0
718.0,431.0,38.0,78.0
747.0,436.0,36.0,75.0
0
777.0,430.0,44.0,72.0
769.0,412.0,44.0,87.0
752.0,403.0,45.0,90.0
732.0,402.0,44.0,88.0
0
0
654.0,406.0,55.0,73.0
646.0,394.0,57.0,75.0
649.0,376.0,61.0,80.0
661.0,363.0,61.0,81.0
678.0,357.0,57.0,87.0
0
0
0
714.0,342.0,67.0,90.0
707.0,345.0,69.0,93.0
699.0,348.0,73.0,97.0
692.0,355.0,71.0,95.0
687.0,360.0,70.0,94.0
683.0,362.0,61.0,93.0
686.0,360.0,61.0,93.0
695.0,351.0,62.0,94.0
717.0,334.0,56.0,98.0
734.0,318.0,59.0,103.0
748.0,309.0,61.0,107.0
762.0,306.0,61.0,107.0
774.0,309.0,61.0,107.0
781.0,312.0,62.0,108.0
782.0,315.0,61.0,107.0
777.0,317.0,62.0,109.0
767.0,317.0,63.0,111.0
753.0,319.0,65.0,113.0
0
0
721.0,334.0,54.0,125.0
717.0,340.0,53.0,123.0
716.0,345.0,53.0,123.0
706.0,350.0,65.0,121.0
714.0,354.0,72.0,120.0
727.0,357.0,71.0,119.0
744.0,357.0,71.0,118.0
765.0,356.0,72.0,112.0
0
0
0
0
904.0,344.0,86.0,127.0
918.0,343.0,87.0,129.0
926.0,341.0,87.0,129.0
918.0,338.0,86.0,126.0
896.0,335.0,85.0,125.0
860.0,329.0,86.0,128.0
818.0,326.0,85.0,126.0
777.0,328.0,82.0,121.0
738.0,339.0,76.0,113.0
714.0,347.0,51.0,108.0
665.0,355.0,69.0,103.0
647.0,364.0,65.0,97.0
638.0,367.0,64.0,96.0
0
0
0
0
757.0,336.0,45.0,126.0
772.0,336.0,61.0,125.0
788.0,340.0,75.0,126.0
811.0,348.0,73.0,123.0
822.0,362.0,106.0,111.0
819.0,365.0,104.0,109.0
803.0,370.0,100.0,105.0
772.0,374.0,98.0,102.0
730.0,366.0,98.0,102.0
677.0,356.0,67.0,121.0
622.0,351.0,67.0,121.0
565.0,357.0,75.0,121.0
523.0,369.0,83.0,99.0
525.0,371.0,78.0,93.0
0
608.0,352.0,79.0,103.0
649.0,353.0,67.0,99.0
676.0,357.0,73.0,93.0
691.0,352.0,73.0,92.0
688.0,342.0,75.0,109.0
681.0,345.0,69.0,98.0
670.0,357.0,69.0,98.0
0
0
0
0
806.0,386.0,97.0,87.0
809.0,387.0,96.0,86.0
0
757.0,371.0,48.0,95.0
722.0,375.0,46.0,90.0
694.0,377.0,53.0,87.0
678.0,367.0,62.0,83.0
677.0,358.0,73.0,98.0
691.0,356.0,73.0,95.0
0
0
666.0,360.0,74.0,82.0
629.0,357.0,75.0,93.0
580.0,364.0,76.0,95.0
552.0,374.0,77.0,96.0
552.0,377.0,75.0,81.0
565.0,370.0,77.0,95.0
580.0,373.0,77.0,95.0
0
614.0,393.0,88.0,84.0
592.0,394.0,83.0,79.0
561.0,385.0,46.0,101.0
531.0,388.0,46.0,101.0
480.0,404.0,88.0,101.0
478.0,412.0,85.0,97.0
508.0,408.0,81.0,93.0
539.0,394.0,88.0,101.0
0
607.0,421.0,83.0,86.0
606.0,435.0,79.0,82.0
574.0,431.0,79.0,82.0
0
489.0,423.0,71.0,97.0
466.0,434.0,68.0,93.0
469.0,438.0,77.0,75.0
512.0,437.0,77.0,75.0
590.0,422.0,50.0,95.0
630.0,430.0,73.0,95.0
679.0,435.0,78.0,84.0
710.0,436.0,75.0,81.0
0
681.0,411.0,75.0,98.0
649.0,405.0,59.0,97.0
593.0,400.0,58.0,105.0
536.0,408.0,58.0,105.0
458.0,411.0,81.0,93.0
403.0,413.0,81.0,93.0
365.0,416.0,79.0,91.0
345.0,417.0,77.0,88.0
345.0,417.0,77.0,88.0
357.0,423.0,73.0,70.0
391.0,423.0,71.0,69.0
448.0,432.0,63.0,61.0
508.0,432.0,66.0,71.0
588.0,426.0,66.0,85.0
674.0,409.0,65.0,103.0
765.0,405.0,64.0,101.0
839.0,404.0,67.0,105.0
909.0,401.0,66.0,104.0
0
0
959.0,409.0,77.0,73.0
936.0,414.0,70.0,66.0
898.0,416.0,63.0,60.0
825.0,413.0,70.0,79.0
758.0,410.0,74.0,83.0
696.0,405.0,49.0,98.0
0
545.0,420.0,59.0,92.0
461.0,431.0,82.0,85.0
416.0,436.0,82.0,85.0
386.0,440.0,80.0,83.0
374.0,445.0,78.0,81.0
383.0,451.0,75.0,78.0
405.0,458.0,72.0,75.0
439.0,461.0,71.0,74.0
491.0,458.0,71.0,74.0
546.0,451.0,71.0,74.0
621.0,439.0,57.0,75.0
0
735.0,419.0,66.0,90.0
773.0,421.0,66.0,91.0
795.0,420.0,66.0,90.0
795.0,418.0,77.0,71.0
777.0,419.0,76.0,70.0
743.0,424.0,75.0,70.0
700.0,423.0,58.0,75.0
640.0,429.0,55.0,98.0
579.0,444.0,53.0,94.0
0
460.0,478.0,58.0,78.0
413.0,486.0,58.0,78.0
381.0,494.0,56.0,76.0
361.0,500.0,55.0,74.0
352.0,503.0,53.0,71.0
357.0,500.0,52.0,70.0
370.0,495.0,52.0,71.0
394.0,488.0,52.0,70.0
425.0,481.0,52.0,70.0
463.0,472.0,53.0,72.0
510.0,462.0,60.0,81.0
547.0,442.0,68.0,92.0
598.0,433.0,55.0,92.0
634.0,419.0,55.0,91.0
659.0,399.0,56.0,81.0
687.0,383.0,41.0,80.0
699.0,366.0,39.0,76.0
706.0,356.0,51.0,76.0
706.0,356.0,51.0,76.0
710.0,334.0,51.0,76.0
714.0,334.0,47.0,70.0
722.0,324.0,50.0,74.0
734.0,314.0,55.0,82.0
719.0,350.0,59.0,58.0
715.0,362.0,59.0,58.0
706.0,373.0,50.0,50.0
693.0,383.0,52.0,52.0
676.0,390.0,54.0,54.0
651.0,396.0,57.0,57.0
617.0,393.0,60.0,60.0
567.0,385.0,69.0,69.0
496.0,387.0,73.0,124.0
400.0,425.0,73.0,124.0
278.0,476.0,73.0,124.0
135.0,518.0,100.0,124.0
40.0,534.0,104.0,124.0
24.0,524.0,94.0,112.0
77.0,506.0,76.0,90.0
165.0,476.0,76.0,90.0
265.0,447.0,75.0,88.0
363.0,431.0,69.0,72.0
449.0,422.0,69.0,72.0
525.0,402.0,69.0,76.0
607.0,378.0,64.0,91.0
676.0,363.0,63.0,90.0
748.0,357.0,71.0,96.0
813.0,351.0,71.0,96.0
859.0,353.0,90.0,74.0
868.0,353.0,81.0,74.0
859.0,369.0,76.0,58.0
849.0,377.0,71.0,54.0
842.0,386.0,67.0,51.0
828.0,398.0,66.0,51.0
800.0,408.0,66.0,50.0
759.0,410.0,63.0,48.0
689.0,391.0,63.0,77.0
626.0,372.0,63.0,95.0
552.0,357.0,63.0,109.0
478.0,353.0,66.0,105.0
427.0,358.0,66.0,105.0
343.0,376.0,95.0,94.0
313.0,388.0,103.0,86.0
319.0,391.0,86.0,86.0
299.0,416.0,87.0,68.0
270.0,451.0,71.0,56.0
253.0,478.0,71.0,56.0
0
227.0,511.0,65.0,83.0
222.0,526.0,69.0,89.0
247.0,533.0,69.0,81.0
315.0,521.0,69.0,81.0
389.0,491.0,69.0,105.0
469.0,466.0,81.0,108.0
532.0,451.0,81.0,108.0
606.0,442.0,81.0,108.0
652.0,441.0,75.0,99.0
691.0,444.0,91.0,94.0
715.0,449.0,86.0,89.0
723.0,456.0,83.0,85.0
721.0,463.0,82.0,84.0
713.0,480.0,64.0,63.0
701.0,488.0,64.0,63.0
683.0,498.0,62.0,61.0
658.0,502.0,70.0,69.0
617.0,499.0,70.0,69.0
574.0,490.0,75.0,95.0
534.0,487.0,75.0,105.0
477.0,488.0,83.0,116.0
424.0,499.0,78.0,101.0
0
326.0,527.0,96.0,70.0
304.0,532.0,88.0,64.0
270.0,529.0,84.0,71.0
250.0,539.0,79.0,67.0
243.0,551.0,76.0,64.0
250.0,565.0,72.0,61.0
285.0,577.0,55.0,62.0
318.0,579.0,55.0,62.0
363.0,582.0,55.0,62.0
417.0,564.0,55.0,80.0
484.0,536.0,55.0,94.0
568.0,500.0,67.0,106.0
673.0,464.0,80.0,106.0
781.0,432.0,95.0,88.0
871.0,404.0,95.0,75.0
922.0,386.0,95.0,75.0
965.0,374.0,91.0,72.0
993.0,367.0,90.0,71.0
1009.0,362.0,87.0,55.0
1018.0,359.0,60.0,54.0
1023.0,358.0,60.0,54.0
1024.0,360.0,59.0,53.0
1020.0,363.0,61.0,55.0
1008.0,367.0,65.0,58.0
0
944.0,365.0,67.0,86.0
871.0,364.0,67.0,86.0
780.0,372.0,67.0,86.0
679.0,384.0,69.0,89.0
606.0,403.0,70.0,64.0
533.0,412.0,70.0,64.0
485.0,419.0,67.0,61.0
460.0,428.0,61.0,56.0
454.0,439.0,56.0,51.0
0
486.0,460.0,37.0,42.0
504.0,468.0,36.0,41.0
526.0,473.0,32.0,36.0
548.0,473.0,32.0,36.0
572.0,467.0,37.0,41.0
606.0,460.0,37.0,41.0
636.0,456.0,37.0,52.0
664.0,447.0,37.0,52.0
689.0,445.0,39.0,55.0
713.0,450.0,37.0,51.0
731.0,457.0,44.0,47.0
740.0,464.0,41.0,44.0
741.0,469.0,42.0,45.0
736.0,473.0,40.0,43.0
725.0,479.0,40.0,36.0
709.0,486.0,40.0,36.0
688.0,493.0,40.0,36.0
661.0,500.0,40.0,36.0
625.0,504.0,40.0,36.0
0
553.0,500.0,34.0,49.0
516.0,499.0,34.0,49.0
475.0,502.0,34.0,49.0
438.0,501.0,34.0,49.0
408.0,509.0,34.0,49.0
389.0,522.0,34.0,35.0
376.0,525.0,32.0,33.0
369.0,524.0,33.0,34.0
374.0,522.0,29.0,30.0
381.0,519.0,31.0,32.0
393.0,517.0,30.0,30.0
415.0,516.0,29.0,30.0
440.0,514.0,29.0,30.0
472.0,507.0,31.0,37.0
514.0,506.0,31.0,37.0
555.0,509.0,31.0,37.0
601.0,512.0,31.0,37.0
641.0,515.0,31.0,37.0
683.0,516.0,31.0,37.0
723.0,518.0,39.0,37.0
757.0,521.0,42.0,43.0
786.0,524.0,41.0,42.0
808.0,526.0,41.0,42.0
824.0,527.0,43.0,44.0
835.0,530.0,41.0,42.0
837.0,532.0,40.0,41.0
832.0,533.0,39.0,40.0
820.0,533.0,39.0,40.0
800.0,533.0,39.0,40.0
770.0,528.0,39.0,40.0
741.0,526.0,39.0,40.0
703.0,519.0,39.0,49.0
661.0,519.0,39.0,49.0
0
589.0,531.0,28.0,33.0
0
0
0
0
0
0
495.0,533.0,42.0,42.0
495.0,540.0,42.0,42.0
494.0,548.0,40.0,40.0
488.0,554.0,38.0,38.0
476.0,555.0,39.0,39.0
459.0,557.0,39.0,39.0
443.0,554.0,42.0,42.0
431.0,553.0,43.0,43.0
429.0,557.0,40.0,40.0
433.0,559.0,40.0,40.0
446.0,559.0,40.0,40.0
468.0,557.0,42.0,42.0
495.0,553.0,44.0,44.0
522.0,554.0,44.0,44.0
548.0,555.0,44.0,44.0
0
593.0,555.0,38.0,39.0
603.0,553.0,37.0,37.0
601.0,551.0,36.0,37.0
587.0,549.0,35.0,36.0
562.0,551.0,36.0,37.0
537.0,543.0,37.0,44.0
512.0,548.0,37.0,44.0
485.0,554.0,38.0,45.0
466.0,560.0,37.0,43.0
453.0,563.0,37.0,44.0
454.0,566.0,33.0,40.0
454.0,566.0,33.0,40.0
475.0,566.0,33.0,55.0
489.0,570.0,34.0,56.0
493.0,575.0,42.0,55.0
493.0,575.0,42.0,55.0
514.0,577.0,34.0,52.0
516.0,577.0,36.0,55.0
509.0,578.0,34.0,57.0
494.0,577.0,35.0,59.0
484.0,586.0,31.0,52.0
481.0,581.0,38.0,56.0
481.0,579.0,40.0,59.0
495.0,583.0,36.0,54.0
519.0,582.0,37.0,55.0
553.0,582.0,37.0,55.0
593.0,576.0,37.0,55.0
634.0,577.0,37.0,61.0
669.0,570.0,37.0,61.0
696.0,566.0,36.0,59.0
712.0,561.0,35.0,58.0
716.0,556.0,34.0,56.0
710.0,552.0,34.0,56.0
698.0,551.0,34.0,56.0
0
644.0,540.0,47.0,58.0
611.0,541.0,47.0,58.0
568.0,540.0,47.0,58.0
533.0,535.0,48.0,59.0
489.0,529.0,48.0,59.0
442.0,519.0,45.0,55.0
400.0,502.0,50.0,61.0
357.0,489.0,50.0,61.0
318.0,467.0,50.0,61.0
294.0,447.0,39.0,67.0
269.0,431.0,42.0,71.0
257.0,423.0,39.0,66.0
254.0,417.0,36.0,61.0
259.0,416.0,33.0,56.0
274.0,421.0,30.0,51.0
0
322.0,426.0,36.0,48.0
348.0,434.0,36.0,48.0
375.0,443.0,37.0,50.0
375.0,443.0,37.0,50.0
431.0,461.0,40.0,52.0
466.0,465.0,43.0,56.0
506.0,469.0,37.0,74.0
550.0,487.0,43.0,86.0
604.0,508.0,43.0,82.0
655.0,531.0,49.0,73.0
688.0,545.0,49.0,73.0
704.0,544.0,48.0,72.0
712.0,540.0,46.0,68.0
713.0,540.0,47.0,69.0
693.0,543.0,65.0,63.0
695.0,549.0,61.0,59.0
703.0,555.0,57.0,56.0
718.0,556.0,59.0,57.0
747.0,543.0,42.0,96.0
764.0,562.0,51.0,84.0
772.0,571.0,53.0,87.0
772.0,582.0,50.0,83.0
757.0,591.0,47.0,77.0
720.0,591.0,46.0,39.0
677.0,583.0,74.0,54.0
654.0,574.0,48.0,61.0
632.0,575.0,47.0,59.0
622.0,578.0,48.0,61.0
632.0,573.0,47.0,60.0
664.0,585.0,43.0,52.0
709.0,583.0,43.0,78.0
752.0,582.0,55.0,83.0
789.0,592.0,68.0,84.0
832.0,600.0,61.0,76.0
864.0,603.0,58.0,72.0
864.0,603.0,58.0,72.0
864.0,594.0,50.0,61.0
817.0,571.0,52.0,69.0
782.0,570.0,48.0,82.0
745.0,577.0,45.0,76.0
709.0,577.0,48.0,82.0
691.0,585.0,44.0,75.0
691.0,585.0,44.0,75.0
697.0,589.0,45.0,53.0
691.0,579.0,65.0,67.0
716.0,579.0,55.0,81.0
729.0,587.0,54.0,80.0
731.0,595.0,53.0,78.0
719.0,602.0,47.0,59.0
683.0,599.0,46.0,57.0
629.0,591.0,46.0,71.0
586.0,583.0,49.0,79.0
541.0,587.0,49.0,65.0
501.0,590.0,50.0,66.0
478.0,590.0,49.0,65.0
0
0
0
0
0
0
0
604.0,589.0,37.0,55.0
647.0,586.0,37.0,55.0
690.0,583.0,43.0,69.0
727.0,571.0,63.0,78.0
0
0
784.0,550.0,67.0,54.0
783.0,546.0,64.0,52.0
776.0,538.0,65.0,53.0
762.0,533.0,65.0,52.0
745.0,529.0,65.0,52.0
722.0,526.0,53.0,54.0
696.0,527.0,53.0,54.0
668.0,527.0,53.0,54.0
634.0,528.0,53.0,54.0
603.0,534.0,50.0,51.0
0
0
459.0,540.0,44.0,79.0
400.0,541.0,45.0,80.0
351.0,544.0,45.0,72.0
312.0,545.0,46.0,73.0
291.0,548.0,46.0,73.0
0
273.0,557.0,50.0,62.0
288.0,561.0,48.0,60.0
312.0,566.0,48.0,59.0
347.0,569.0,48.0,59.0
388.0,573.0,47.0,58.0
436.0,563.0,45.0,78.0
487.0,564.0,48.0,71.0
550.0,553.0,48.0,78.0
608.0,541.0,53.0,75.0
677.0,521.0,42.0,81.0
719.0,508.0,59.0,85.0
749.0,494.0,69.0,80.0
773.0,489.0,67.0,78.0
779.0,483.0,63.0,74.0
773.0,479.0,59.0,69.0
758.0,485.0,56.0,56.0
732.0,485.0,54.0,54.0
697.0,483.0,61.0,62.0
653.0,484.0,65.0,63.0
609.0,487.0,45.0,67.0
559.0,493.0,41.0,68.0
503.0,495.0,43.0,76.0
452.0,499.0,32.0,83.0
452.0,499.0,32.0,83.0
327.0,527.0,51.0,71.0
280.0,534.0,52.0,72.0
246.0,539.0,50.0,70.0
229.0,541.0,47.0,66.0
225.0,542.0,46.0,64.0
231.0,544.0,45.0,62.0
241.0,546.0,45.0,62.0
260.0,545.0,43.0,60.0
284.0,541.0,42.0,58.0
311.0,535.0,41.0,57.0
338.0,528.0,42.0,58.0
366.0,523.0,40.0,56.0
395.0,517.0,41.0,57.0
0
469.0,497.0,32.0,69.0
509.0,498.0,37.0,64.0
543.0,479.0,52.0,72.0
588.0,465.0,46.0,73.0
618.0,455.0,54.0,72.0
643.0,453.0,55.0,73.0
651.0,456.0,53.0,71.0
632.0,473.0,67.0,53.0
614.0,488.0,66.0,52.0
591.0,508.0,57.0,48.0
545.0,523.0,62.0,49.0
487.0,539.0,58.0,59.0
426.0,571.0,60.0,55.0
343.0,598.0,63.0,64.0
240.0,631.0,58.0,66.0
120.0,661.0,40.0,59.0
0
0
0
0
0
0
0
0
0
0
0
152.0,549.0,42.0,45.0
171.0,540.0,37.0,39.0
335.0,508.0,44.0,55.0
438.0,502.0,26.0,40.0
525.0,486.0,40.0,52.0
620.0,484.0,39.0,59.0
710.0,486.0,37.0,51.0
777.0,493.0,53.0,46.0
843.0,487.0,48.0,46.0
882.0,487.0,46.0,44.0
894.0,486.0,49.0,47.0
884.0,488.0,44.0,43.0
848.0,492.0,52.0,41.0
806.0,497.0,51.0,40.0
0
687.0,504.0,58.0,58.0
622.0,520.0,49.0,47.0
549.0,524.0,42.0,44.0
466.0,525.0,44.0,57.0
387.0,529.0,36.0,64.0
300.0,544.0,56.0,62.0
230.0,555.0,62.0,49.0
188.0,553.0,45.0,52.0
163.0,554.0,34.0,45.0
183.0,544.0,34.0,45.0
203.0,533.0,33.0,44.0
173.0,541.0,32.0,44.0
0
234.0,517.0,36.0,45.0
269.0,508.0,36.0,46.0
316.0,504.0,35.0,42.0
365.0,501.0,31.0,43.0
416.0,506.0,32.0,37.0
470.0,500.0,37.0,51.0
536.0,506.0,35.0,49.0
598.0,501.0,44.0,56.0
671.0,487.0,49.0,76.0
740.0,484.0,46.0,72.0
796.0,482.0,74.0,68.0
846.0,474.0,68.0,67.0
871.0,468.0,68.0,67.0
870.0,461.0,67.0,66.0
853.0,461.0,64.0,63.0
819.0,471.0,63.0,47.0
783.0,475.0,61.0,51.0
732.0,478.0,61.0,57.0
680.0,494.0,63.0,53.0
622.0,508.0,64.0,50.0
574.0,528.0,44.0,48.0
511.0,540.0,50.0,48.0
439.0,549.0,49.0,53.0
361.0,552.0,56.0,67.0
282.0,553.0,52.0,78.0
202.0,547.0,63.0,74.0
137.0,517.0,49.0,86.0
66.0,486.0,68.0,86.0
40.0,474.0,69.0,64.0
49.0,448.0,67.0,62.0
0
132.0,435.0,70.0,49.0
132.0,435.0,70.0,49.0
270.0,447.0,60.0,46.0
348.0,457.0,50.0,52.0
402.0,472.0,47.0,49.0
432.0,483.0,54.0,48.0
465.0,494.0,56.0,50.0
496.0,487.0,50.0,75.0
540.0,512.0,50.0,65.0
573.0,516.0,50.0,82.0
610.0,525.0,53.0,86.0
654.0,535.0,53.0,86.0
693.0,558.0,58.0,81.0
725.0,565.0,59.0,81.0
739.0,563.0,59.0,38.0
0
0
0
0
745.0,497.0,62.0,54.0
728.0,492.0,60.0,52.0
703.0,487.0,58.0,50.0
668.0,482.0,56.0,49.0
668.0,482.0,56.0,49.0
574.0,459.0,52.0,62.0
528.0,450.0,53.0,65.0
480.0,417.0,42.0,76.0
0
387.0,375.0,58.0,66.0
352.0,363.0,59.0,63.0
348.0,361.0,53.0,48.0
350.0,359.0,53.0,48.0
367.0,359.0,49.0,44.0
384.0,365.0,45.0,41.0
395.0,369.0,46.0,42.0
408.0,378.0,47.0,43.0
427.0,388.0,49.0,44.0
461.0,400.0,41.0,48.0
507.0,402.0,34.0,70.0
548.0,420.0,31.0,73.0
581.0,441.0,43.0,76.0
617.0,466.0,43.0,54.0
0
0
0
0
0
0
739.0,534.0,51.0,62.0
734.0,534.0,51.0,62.0
719.0,536.0,52.0,63.0
700.0,535.0,53.0,65.0
700.0,535.0,53.0,65.0
700.0,535.0,53.0,65.0
0
0
0
0
0
0
594.0,465.0,40.0,90.0
563.0,468.0,44.0,78.0
537.0,463.0,43.0,76.0
504.0,458.0,55.0,58.0
499.0,454.0,51.0,54.0
501.0,453.0,50.0,53.0
513.0,453.0,50.0,53.0
537.0,454.0,52.0,55.0
577.0,444.0,46.0,76.0
0
643.0,456.0,49.0,82.0
671.0,460.0,42.0,70.0
686.0,460.0,40.0,66.0
686.0,452.0,39.0,65.0
673.0,440.0,38.0,63.0
647.0,420.0,38.0,63.0
0
0
546.0,389.0,56.0,67.0
527.0,389.0,52.0,62.0
519.0,391.0,49.0,59.0
524.0,393.0,46.0,55.0
542.0,395.0,45.0,54.0
575.0,401.0,45.0,70.0
612.0,405.0,45.0,82.0
651.0,419.0,54.0,82.0
697.0,437.0,54.0,82.0
738.0,456.0,55.0,83.0
771.0,473.0,56.0,85.0
791.0,486.0,56.0,84.0
796.0,495.0,54.0,83.0
791.0,499.0,53.0,81.0
773.0,497.0,52.0,80.0
738.0,489.0,54.0,82.0
686.0,480.0,54.0,82.0
629.0,468.0,54.0,82.0
570.0,468.0,54.0,82.0
513.0,468.0,54.0,82.0
468.0,472.0,54.0,82.0
429.0,476.0,54.0,82.0
408.0,480.0,52.0,79.0
396.0,482.0,51.0,77.0
395.0,482.0,51.0,77.0
407.0,486.0,52.0,79.0
432.0,494.0,51.0,78.0
475.0,501.0,51.0,78.0
517.0,515.0,51.0,67.0
564.0,519.0,38.0,66.0
599.0,522.0,38.0,66.0
634.0,517.0,38.0,66.0
673.0,514.0,38.0,66.0
718.0,510.0,34.0,55.0
755.0,508.0,34.0,55.0
795.0,504.0,34.0,55.0
824.0,497.0,34.0,55.0
852.0,491.0,34.0,54.0
876.0,483.0,34.0,55.0
895.0,476.0,35.0,56.0
902.0,463.0,36.0,58.0
890.0,448.0,36.0,58.0
847.0,422.0,36.0,58.0
762.0,386.0,36.0,58.0
655.0,350.0,36.0,58.0
590.0,331.0,36.0,58.0
558.0,328.0,37.0,60.0
542.0,328.0,37.0,60.0
538.0,333.0,38.0,62.0
538.0,333.0,38.0,62.0
0
0
531.0,332.0,38.0,66.0
535.0,332.0,39.0,68.0
538.0,332.0,42.0,72.0
539.0,332.0,40.0,70.0
537.0,327.0,40.0,69.0
540.0,326.0,39.0,68.0
0
0
0
0
0
532.0,332.0,47.0,102.0
528.0,335.0,47.0,102.0
527.0,334.0,46.0,100.0
530.0,333.0,46.0,100.0
538.0,342.0,41.0,89.0
545.0,341.0,40.0,87.0
0
0
0
589.0,329.0,31.0,69.0
592.0,327.0,31.0,69.0
586.0,327.0,38.0,78.0
584.0,328.0,37.0,76.0
579.0,327.0,37.0,76.0
573.0,327.0,37.0,76.0
568.0,330.0,36.0,74.0
563.0,329.0,37.0,75.0
565.0,329.0,37.0,75.0
0
0
543.0,329.0,31.0,71.0
538.0,329.0,31.0,71.0
533.0,327.0,30.0,70.0
530.0,326.0,30.0,69.0
528.0,325.0,30.0,69.0
527.0,328.0,30.0,69.0
527.0,330.0,30.0,68.0
528.0,329.0,31.0,71.0
530.0,331.0,30.0,69.0
533.0,332.0,29.0,67.0
536.0,328.0,33.0,76.0
539.0,334.0,35.0,63.0
544.0,334.0,36.0,65.0
548.0,332.0,36.0,65.0
553.0,330.0,38.0,68.0
559.0,329.0,38.0,69.0
561.0,326.0,38.0,69.0
561.0,326.0,38.0,69.0
561.0,326.0,38.0,69.0
561.0,326.0,38.0,69.0
561.0,326.0,38.0,69.0
561.0,326.0,38.0,69.0
561.0,326.0,38.0,69.0
571.0,326.0,41.0,86.0
574.0,328.0,41.0,87.0
577.0,329.0,42.0,88.0
579.0,328.0,42.0,89.0
580.0,329.0,42.0,88.0
579.0,327.0,43.0,91.0
577.0,326.0,44.0,92.0
574.0,325.0,43.0,91.0
570.0,324.0,43.0,91.0
565.0,325.0,43.0,89.0
561.0,324.0,42.0,89.0
557.0,324.0,41.0,86.0
561.0,325.0,34.0,71.0
561.0,325.0,34.0,71.0
569.0,325.0,34.0,72.0
546.0,322.0,41.0,92.0
550.0,322.0,43.0,95.0
554.0,321.0,45.0,101.0
557.0,318.0,47.0,106.0
559.0,315.0,49.0,110.0
560.0,312.0,50.0,112.0
560.0,310.0,43.0,116.0
560.0,307.0,44.0,120.0
558.0,308.0,44.0,119.0
558.0,306.0,45.0,122.0
556.0,302.0,47.0,126.0
556.0,303.0,48.0,129.0
555.0,308.0,49.0,131.0
554.0,304.0,50.0,134.0
552.0,301.0,52.0,139.0
552.0,302.0,53.0,142.0
553.0,303.0,53.0,143.0
553.0,303.0,54.0,145.0
555.0,305.0,54.0,146.0
557.0,310.0,54.0,144.0
556.0,311.0,54.0,146.0
557.0,311.0,54.0,146.0
558.0,311.0,54.0,146.0
554.0,309.0,55.0,147.0
552.0,308.0,56.0,150.0
532.0,319.0,73.0,139.0
531.0,318.0,75.0,142.0
533.0,316.0,87.0,144.0
530.0,314.0,92.0,135.0
529.0,313.0,94.0,137.0
528.0,313.0,95.0,140.0
526.0,311.0,98.0,143.0
526.0,311.0,100.0,146.0
526.0,311.0,102.0,150.0
524.0,312.0,105.0,154.0
522.0,313.0,108.0,158.0
541.0,315.0,68.0,162.0
541.0,317.0,70.0,167.0
541.0,313.0,72.0,171.0
541.0,310.0,75.0,178.0
542.0,319.0,75.0,179.0
542.0,324.0,76.0,181.0
542.0,334.0,74.0,177.0
541.0,343.0,73.0,174.0
514.0,351.0,117.0,159.0
513.0,359.0,115.0,156.0
512.0,365.0,116.0,157.0
512.0,364.0,122.0,166.0
512.0,366.0,131.0,177.0
540.0,362.0,135.0,183.0
569.0,350.0,138.0,215.0
606.0,319.0,140.0,227.0
645.0,313.0,143.0,224.0
632.0,309.0,139.0,218.0
575.0,296.0,137.0,215.0
559.0,300.0,137.0,215.0
402.0,295.0,138.0,217.0
334.0,316.0,138.0,218.0
300.0,325.0,141.0,222.0
314.0,310.0,142.0,224.0
358.0,294.0,146.0,229.0
422.0,304.0,142.0,223.0
499.0,324.0,173.0,192.0
538.0,325.0,171.0,190.0
548.0,309.0,148.0,209.0
553.0,308.0,132.0,216.0
542.0,315.0,133.0,217.0
531.0,322.0,132.0,216.0
533.0,339.0,177.0,201.0
595.0,336.0,176.0,200.0
686.0,323.0,127.0,227.0
749.0,320.0,134.0,224.0
777.0,330.0,196.0,203.0
777.0,332.0,197.0,204.0
710.0,333.0,198.0,205.0
639.0,336.0,161.0,207.0
551.0,344.0,108.0,223.0
463.0,362.0,122.0,213.0
411.0,374.0,121.0,211.0
367.0,374.0,157.0,205.0
393.0,373.0,156.0,203.0
476.0,360.0,155.0,202.0
548.0,374.0,151.0,196.0
577.0,392.0,179.0,174.0
629.0,389.0,157.0,175.0
647.0,407.0,154.0,139.0
610.0,398.0,149.0,142.0
542.0,379.0,140.0,152.0
456.0,350.0,121.0,172.0
392.0,348.0,107.0,193.0
309.0,337.0,135.0,206.0
259.0,354.0,158.0,174.0
275.0,349.0,160.0,176.0
364.0,335.0,116.0,187.0
444.0,336.0,115.0,185.0
530.0,351.0,117.0,184.0
610.0,365.0,117.0,184.0
674.0,374.0,117.0,184.0
719.0,378.0,118.0,185.0
752.0,385.0,151.0,193.0
772.0,389.0,157.0,201.0
785.0,405.0,151.0,193.0
788.0,412.0,153.0,196.0
781.0,419.0,151.0,193.0
761.0,419.0,150.0,193.0
731.0,416.0,156.0,201.0
692.0,407.0,160.0,219.0
633.0,413.0,163.0,223.0
597.0,418.0,146.0,226.0
525.0,419.0,147.0,228.0
459.0,410.0,148.0,230.0
418.0,392.0,150.0,234.0
355.0,383.0,174.0,217.0
299.0,395.0,207.0,184.0
328.0,398.0,216.0,192.0
375.0,422.0,168.0,134.0
458.0,438.0,168.0,134.0
568.0,453.0,175.0,140.0
685.0,462.0,192.0,174.0
842.0,466.0,133.0,210.0
935.0,494.0,143.0,214.0
987.0,529.0,161.0,190.0
988.0,548.0,126.0,149.0
932.0,543.0,119.0,141.0
819.0,512.0,88.0,141.0
677.0,480.0,92.0,146.0
522.0,462.0,114.0,141.0
348.0,455.0,157.0,134.0
265.0,460.0,118.0,116.0
170.0,464.0,105.0,103.0
106.0,469.0,98.0,96.0
73.0,477.0,95.0,93.0
83.0,489.0,91.0,89.0
125.0,500.0,116.0,89.0
203.0,512.0,106.0,93.0
307.0,512.0,106.0,116.0
451.0,492.0,106.0,147.0
613.0,471.0,118.0,163.0
781.0,455.0,131.0,173.0
930.0,458.0,176.0,151.0
1026.0,470.0,176.0,151.0
1080.0,472.0,200.0,172.0
1092.0,479.0,188.0,162.0
1051.0,478.0,186.0,121.0
975.0,477.0,108.0,121.0
845.0,482.0,108.0,121.0
693.0,478.0,110.0,136.0
537.0,482.0,86.0,144.0
359.0,492.0,95.0,151.0
198.0,507.0,136.0,139.0
113.0,499.0,136.0,139.0
73.0,495.0,126.0,128.0
82.0,489.0,119.0,122.0
131.0,479.0,114.0,117.0
221.0,468.0,106.0,116.0
334.0,457.0,98.0,137.0
456.0,459.0,101.0,138.0
581.0,469.0,112.0,128.0
693.0,500.0,138.0,109.0
770.0,515.0,152.0,99.0
823.0,525.0,144.0,94.0
844.0,530.0,130.0,84.0
835.0,521.0,95.0,97.0
793.0,506.0,93.0,124.0
744.0,492.0,80.0,130.0
679.0,485.0,80.0,135.0
603.0,502.0,90.0,111.0
544.0,510.0,94.0,102.0
510.0,518.0,89.0,97.0
507.0,521.0,86.0,93.0
525.0,517.0,90.0,98.0
562.0,512.0,92.0,100.0
609.0,507.0,94.0,102.0
679.0,496.0,99.0,108.0
759.0,468.0,107.0,142.0
842.0,460.0,121.0,146.0
901.0,459.0,142.0,131.0
923.0,483.0,136.0,103.0
921.0,496.0,121.0,92.0
894.0,497.0,110.0,84.0
843.0,489.0,110.0,83.0
778.0,485.0,109.0,83.0
682.0,475.0,109.0,94.0
586.0,470.0,97.0,100.0
463.0,450.0,97.0,125.0
346.0,435.0,98.0,158.0
217.0,461.0,131.0,133.0
151.0,483.0,126.0,104.0
122.0,487.0,137.0,113.0
110.0,519.0,129.0,98.0
153.0,531.0,122.0,93.0
218.0,536.0,114.0,87.0
325.0,526.0,103.0,86.0
444.0,508.0,83.0,101.0
556.0,470.0,114.0,129.0
677.0,435.0,161.0,152.0
804.0,415.0,168.0,153.0
918.0,412.0,174.0,130.0
953.0,409.0,153.0,114.0
982.0,431.0,124.0,92.0
960.0,445.0,112.0,83.0
900.0,455.0,111.0,82.0
828.0,471.0,131.0,81.0
750.0,487.0,103.0,75.0
660.0,497.0,83.0,78.0
542.0,500.0,90.0,85.0
393.0,479.0,83.0,112.0
242.0,467.0,97.0,129.0
115.0,469.0,113.0,120.0
20.0,466.0,132.0,112.0
-20.0,462.0,129.0,109.0
-11.0,466.0,113.0,96.0
35.0,472.0,100.0,85.0
116.0,483.0,93.0,69.0
189.0,486.0,91.0,78.0
271.0,500.0,71.0,66.0
352.0,498.0,84.0,69.0
453.0,485.0,78.0,82.0
556.0,450.0,76.0,117.0
650.0,462.0,96.0,111.0
763.0,454.0,102.0,126.0
847.0,470.0,111.0,83.0
894.0,471.0,105.0,79.0
894.0,476.0,98.0,68.0
877.0,475.0,98.0,68.0
836.0,479.0,72.0,54.0
775.0,477.0,65.0,58.0
691.0,479.0,65.0,68.0
593.0,470.0,72.0,82.0
478.0,464.0,73.0,101.0
367.0,462.0,71.0,108.0
249.0,473.0,69.0,101.0
123.0,490.0,106.0,82.0
58.0,498.0,116.0,75.0
37.0,500.0,105.0,68.0
52.0,499.0,97.0,62.0
92.0,502.0,91.0,59.0
92.0,502.0,91.0,59.0
233.0,515.0,75.0,54.0
325.0,510.0,67.0,61.0
432.0,500.0,60.0,76.0
528.0,481.0,76.0,113.0
641.0,487.0,113.0,95.0
766.0,480.0,108.0,99.0
841.0,479.0,116.0,92.0
896.0,471.0,108.0,86.0
919.0,465.0,109.0,86.0
912.0,461.0,106.0,84.0
876.0,465.0,101.0,80.0
802.0,455.0,96.0,86.0
738.0,455.0,79.0,97.0
662.0,467.0,77.0,111.0
588.0,494.0,66.0,90.0
501.0,510.0,96.0,76.0
461.0,518.0,93.0,74.0
451.0,512.0,90.0,71.0
502.0,499.0,61.0,65.0
540.0,476.0,49.0,79.0
587.0,480.0,42.0,72.0
623.0,483.0,53.0,60.0
655.0,482.0,50.0,57.0
672.0,484.0,47.0,54.0
680.0,487.0,46.0,51.0
676.0,496.0,48.0,44.0
673.0,504.0,47.0,43.0
662.0,507.0,46.0,43.0
650.0,509.0,44.0,41.0
634.0,513.0,41.0,37.0
608.0,516.0,42.0,38.0
574.0,505.0,48.0,56.0
541.0,504.0,50.0,59.0
506.0,506.0,48.0,63.0
468.0,515.0,52.0,55.0
439.0,524.0,44.0,41.0
414.0,531.0,43.0,40.0
405.0,535.0,43.0,40.0
411.0,538.0,42.0,39.0
430.0,539.0,38.0,36.0
463.0,531.0,37.0,46.0
500.0,520.0,43.0,58.0
547.0,511.0,48.0,68.0
596.0,512.0,48.0,62.0
637.0,519.0,47.0,61.0
667.0,530.0,47.0,61.0
682.0,539.0,49.0,63.0
683.0,546.0,46.0,60.0
659.0,550.0,58.0,53.0
637.0,552.0,58.0,53.0
602.0,548.0,63.0,57.0
547.0,528.0,71.0,72.0
492.0,515.0,51.0,89.0
417.0,496.0,56.0,92.0
348.0,490.0,68.0,88.0
296.0,483.0,79.0,86.0
264.0,476.0,80.0,87.0
265.0,467.0,73.0,80.0
280.0,482.0,77.0,58.0
315.0,485.0,62.0,71.0
336.0,514.0,59.0,68.0
361.0,547.0,72.0,75.0
413.0,582.0,66.0,74.0
492.0,603.0,52.0,76.0
570.0,610.0,73.0,75.0
667.0,596.0,75.0,97.0
752.0,576.0,83.0,113.0
829.0,566.0,92.0,97.0
867.0,548.0,96.0,88.0
883.0,530.0,92.0,84.0
876.0,529.0,88.0,59.0
857.0,527.0,76.0,51.0
821.0,530.0,73.0,49.0
750.0,531.0,93.0,65.0
686.0,534.0,71.0,76.0
589.0,533.0,82.0,102.0
507.0,542.0,46.0,112.0
389.0,558.0,64.0,112.0
273.0,578.0,88.0,95.0
192.0,599.0,97.0,82.0
147.0,607.0,92.0,78.0
133.0,613.0,91.0,77.0
146.0,603.0,89.0,88.0
191.0,605.0,88.0,84.0
275.0,593.0,74.0,81.0
369.0,581.0,80.0,94.0
476.0,561.0,66.0,102.0
561.0,539.0,80.0,115.0
639.0,532.0,104.0,91.0
714.0,522.0,101.0,81.0
756.0,510.0,98.0,79.0
772.0,514.0,95.0,58.0
774.0,510.0,92.0,56.0
760.0,516.0,89.0,66.0
730.0,524.0,90.0,67.0
688.0,523.0,92.0,79.0
624.0,534.0,101.0,89.0
546.0,549.0,97.0,91.0
459.0,549.0,93.0,125.0
351.0,567.0,89.0,136.0
229.0,583.0,97.0,137.0
137.0,606.0,83.0,110.0
47.0,605.0,99.0,110.0
9.0,596.0,114.0,111.0
3.0,589.0,109.0,106.0
18.0,578.0,102.0,100.0
45.0,570.0,99.0,97.0
82.0,560.0,97.0,94.0
129.0,550.0,95.0,107.0
200.0,545.0,61.0,97.0
253.0,535.0,59.0,110.0
284.0,541.0,79.0,108.0
329.0,546.0,78.0,103.0
369.0,543.0,75.0,99.0
407.0,534.0,73.0,96.0
441.0,527.0,70.0,93.0
467.0,521.0,68.0,90.0
489.0,517.0,67.0,89.0
510.0,515.0,64.0,84.0
527.0,516.0,62.0,66.0
540.0,522.0,59.0,63.0
550.0,527.0,57.0,60.0
560.0,532.0,56.0,59.0
571.0,534.0,56.0,60.0
581.0,539.0,55.0,59.0
591.0,544.0,53.0,57.0
602.0,543.0,53.0,57.0
613.0,542.0,52.0,56.0
627.0,538.0,51.0,55.0
652.0,533.0,43.0,54.0
669.0,527.0,44.0,55.0
685.0,525.0,43.0,55.0
702.0,526.0,43.0,54.0
718.0,532.0,43.0,54.0
729.0,539.0,45.0,57.0
740.0,548.0,46.0,57.0
748.0,557.0,46.0,58.0
754.0,565.0,49.0,62.0
757.0,574.0,42.0,67.0
756.0,580.0,38.0,61.0
742.0,582.0,45.0,53.0
733.0,582.0,45.0,53.0
717.0,582.0,44.0,52.0
699.0,582.0,42.0,50.0
676.0,582.0,44.0,51.0
646.0,592.0,48.0,42.0
620.0,587.0,48.0,52.0
588.0,590.0,56.0,51.0
571.0,595.0,39.0,47.0
552.0,601.0,38.0,46.0
534.0,607.0,37.0,45.0
519.0,607.0,35.0,48.0
505.0,606.0,36.0,49.0
497.0,604.0,35.0,48.0
492.0,599.0,32.0,43.0
484.0,583.0,38.0,65.0
487.0,570.0,37.0,64.0
495.0,557.0,36.0,61.0
507.0,541.0,34.0,54.0
524.0,528.0,32.0,51.0
545.0,515.0,29.0,36.0
561.0,506.0,32.0,53.0
577.0,503.0,33.0,54.0
589.0,511.0,33.0,55.0
589.0,529.0,33.0,37.0
594.0,546.0,28.0,32.0
592.0,565.0,26.0,29.0
589.0,581.0,29.0,34.0
572.0,598.0,47.0,50.0
551.0,606.0,52.0,72.0
543.0,633.0,37.0,62.0
517.0,642.0,38.0,62.0
488.0,651.0,39.0,63.0
448.0,655.0,46.0,58.0
418.0,654.0,42.0,61.0
379.0,650.0,40.0,68.0
341.0,653.0,44.0,65.0
303.0,652.0,40.0,67.0
275.0,652.0,38.0,64.0
258.0,646.0,38.0,63.0
243.0,641.0,49.0,61.0
253.0,634.0,50.0,62.0
283.0,627.0,48.0,56.0
328.0,611.0,42.0,58.0
376.0,602.0,32.0,63.0
421.0,595.0,35.0,65.0
467.0,589.0,45.0,65.0
518.0,600.0,38.0,45.0
548.0,598.0,50.0,46.0
573.0,595.0,49.0,45.0
585.0,585.0,52.0,48.0
592.0,575.0,59.0,54.0
608.0,570.0,37.0,65.0
617.0,573.0,36.0,63.0
624.0,566.0,46.0,66.0
647.0,553.0,46.0,66.0
669.0,544.0,46.0,66.0
685.0,549.0,46.0,52.0
690.0,540.0,46.0,52.0
683.0,530.0,46.0,52.0
675.0,526.0,46.0,52.0
667.0,524.0,44.0,49.0
663.0,521.0,43.0,49.0
668.0,512.0,42.0,48.0
674.0,506.0,43.0,49.0
675.0,501.0,47.0,53.0
677.0,503.0,42.0,47.0
664.0,497.0,44.0,50.0
641.0,493.0,43.0,49.0
610.0,482.0,51.0,57.0
583.0,477.0,52.0,58.0
563.0,474.0,51.0,58.0
556.0,468.0,53.0,60.0
563.0,461.0,53.0,59.0
570.0,457.0,55.0,63.0
601.0,453.0,30.0,56.0
610.0,456.0,28.0,53.0
606.0,452.0,29.0,54.0
591.0,445.0,32.0,60.0
575.0,443.0,33.0,63.0
560.0,448.0,34.0,63.0
551.0,450.0,34.0,64.0
554.0,444.0,36.0,68.0
568.0,432.0,38.0,72.0
583.0,429.0,38.0,70.0
599.0,433.0,40.0,75.0
615.0,442.0,41.0,76.0
620.0,446.0,42.0,78.0
610.0,443.0,41.0,77.0
588.0,433.0,49.0,91.0
563.0,435.0,50.0,92.0
539.0,442.0,49.0,92.0
530.0,440.0,50.0,94.0
541.0,426.0,53.0,98.0
559.0,413.0,62.0,114.0
576.0,415.0,62.0,114.0
593.0,427.0,57.0,104.0
599.0,436.0,57.0,105.0
586.0,435.0,59.0,108.0
557.0,420.0,64.0,118.0
523.0,409.0,71.0,130.0
488.0,415.0,82.0,151.0
453.0,439.0,91.0,167.0
433.0,460.0,98.0,180.0
435.0,463.0,102.0,188.0
461.0,459.0,93.0,210.0
481.0,434.0,97.0,226.0
519.0,432.0,84.0,196.0
539.0,424.0,83.0,172.0
558.0,426.0,80.0,165.0
566.0,424.0,83.0,172.0
579.0,418.0,88.0,182.0
596.0,411.0,93.0,193.0
623.0,407.0,96.0,199.0
659.0,410.0,100.0,194.0
700.0,400.0,103.0,201.0
741.0,378.0,114.0,221.0
800.0,386.0,113.0,206.0
855.0,373.0,119.0,217.0
972.0,364.0,119.0,217.0
1080.0,359.0,119.0,217.0
1188.0,366.0,119.0,217.0
0
0
0
0
0
0
0
0
0
0
0
0
0
0
0
0
0
0
0
0
0
0
0
694.0,411.0,67.0,114.0
662.0,419.0,66.0,113.0
634.0,425.0,65.0,111.0
611.0,434.0,54.0,108.0
588.0,444.0,55.0,111.0
0
0
0
0
0
0
557.0,462.0,45.0,108.0
558.0,460.0,44.0,106.0
553.0,452.0,56.0,104.0
550.0,446.0,55.0,103.0
545.0,439.0,55.0,102.0
