473.73,293.57,117.16,59.43
472.16,293.97,118.97,60.16
463.59,294.91,117.07,60.96
461.75,295.57,115.39,60.90
448.78,295.87,119.82,61.39
449.61,297.12,117.77,60.55
436.71,298.15,117.90,60.51
435.25,298.92,118.02,59.21
422.37,299.99,120.57,58.61
420.79,300.79,118.87,58.47
411.02,302.19,124.71,58.08
395.80,303.88,139.67,59.32
393.47,305.03,140.12,57.36
380.65,307.26,146.95,58.61
383.09,308.23,145.77,56.63
373.09,309.75,148.71,57.99
372.29,309.97,148.91,59.37
365.83,311.26,145.97,58.27
363.37,311.33,143.89,57.87
360.98,313.01,135.22,62.26
356.91,312.41,129.82,67.52
340.87,312.80,140.99,67.24
337.75,313.80,139.24,66.35
329.47,313.53,139.73,66.47
329.55,314.15,136.12,68.71
319.57,313.73,140.56,64.34
320.46,313.08,137.49,65.35
317.41,312.71,134.43,66.36
314.52,312.35,133.81,67.39
311.85,311.08,128.61,69.05
311.20,311.61,125.23,69.39
311.33,310.57,121.70,70.09
311.46,309.55,118.18,70.79
309.63,309.24,117.37,72.76
307.79,308.94,118.74,74.73
307.23,308.49,102.63,76.31
306.95,307.73,102.99,76.54
302.51,307.80,102.63,77.00
299.56,307.72,96.89,77.16
287.86,304.28,96.74,78.45
287.38,303.53,103.82,81.07
284.55,302.89,100.44,81.03
283.29,302.24,100.78,81.12
282.02,301.59,101.11,81.21
281.57,300.95,104.50,80.45
280.00,298.51,99.40,80.69
278.47,298.22,99.40,85.85
276.66,297.93,101.74,85.00
277.84,296.97,91.18,83.57
286.43,297.03,80.61,82.15
288.28,297.07,70.05,80.73
287.20,293.26,69.34,82.01
287.03,293.16,64.39,81.29
288.36,292.81,59.24,89.33
287.23,292.45,58.57,91.88
282.93,292.78,59.20,92.55
282.40,292.29,62.33,94.97
273.93,292.48,68.87,80.25
274.07,291.54,57.73,77.13
275.13,290.95,52.03,76.32
276.40,290.35,57.33,75.59
274.81,290.92,58.99,80.08
273.08,291.25,56.92,85.09
274.88,290.73,56.05,87.93
273.77,289.35,54.83,88.85
272.69,291.22,60.85,85.98
275.64,290.85,60.56,85.29
277.47,291.71,57.19,72.09
277.89,299.15,52.31,66.99
282.68,309.93,47.45,54.50
287.47,311.80,42.61,50.93
287.49,293.20,42.74,70.25
287.51,294.93,42.87,69.24
286.87,291.47,43.68,73.43
289.33,292.53,41.37,73.08
289.27,292.45,41.60,73.88
289.80,291.00,41.23,76.05
289.27,291.26,42.52,76.51
288.75,291.53,43.82,76.97
288.22,291.79,45.11,77.43
287.69,290.93,43.97,79.00
286.93,290.77,54.67,78.03
285.87,290.51,56.27,78.63
284.81,290.23,57.86,79.23
283.58,290.11,60.69,79.42
284.23,290.10,60.41,79.58
284.87,290.08,60.13,79.75
287.04,289.90,59.85,79.90
289.20,289.72,59.57,80.06
291.36,289.54,59.29,80.21
293.53,289.36,59.01,80.37
293.14,289.00,59.60,80.67
292.76,288.64,60.19,80.96
293.18,288.28,58.99,81.25
293.60,287.92,57.79,81.55
292.99,287.34,56.95,81.84
294.13,287.03,54.94,82.13
294.87,286.71,55.19,82.42
293.68,286.39,58.32,82.72
287.77,286.08,62.50,83.01
281.86,285.77,66.67,83.30
283.29,285.86,68.31,80.91
284.73,285.95,69.93,78.52
285.77,282.67,67.77,79.99
286.93,283.81,66.53,79.59
289.19,280.77,68.15,80.83
292.03,279.35,62.77,80.32
294.67,277.93,60.27,87.14
294.57,277.04,62.39,87.39
294.47,276.15,64.53,87.65
293.97,273.65,66.69,90.28
293.84,272.33,68.03,88.93
294.25,270.87,70.35,89.60
295.39,267.91,62.95,90.95
294.99,265.01,62.54,93.73
295.14,261.07,57.46,96.47
294.63,258.74,59.83,96.86
294.13,256.41,61.55,94.55
293.63,254.08,63.27,92.22
293.13,251.75,64.99,89.90
292.63,249.43,66.71,87.57
292.71,246.58,66.36,87.67
292.79,245.09,60.61,89.12
292.87,243.59,62.95,91.94
292.95,242.10,65.29,92.70
293.03,240.61,67.63,93.46
293.11,239.35,67.29,92.50
293.19,238.11,66.94,91.53
293.27,236.85,66.59,90.57
293.36,235.61,66.24,89.61
293.44,234.35,65.89,88.65
293.14,232.17,67.59,88.03
292.55,231.49,69.50,86.78
291.95,230.81,71.40,85.53
291.36,230.12,73.31,84.28
292.91,228.36,73.35,82.37
291.89,228.69,69.38,82.39
291.94,228.03,70.53,82.41
289.75,227.22,69.52,81.63
287.56,226.41,71.24,80.85
287.79,226.01,71.88,82.45
286.25,225.82,71.95,80.25
285.72,225.77,68.88,79.40
285.19,225.71,70.95,78.55
282.52,225.49,68.08,78.51
281.74,225.26,69.28,79.85
280.95,225.03,70.49,81.19
280.17,224.81,71.69,82.53
279.66,224.99,72.47,82.41
279.15,225.16,73.25,82.31
277.83,224.13,76.44,82.21
277.42,223.56,77.03,81.61
277.02,222.99,77.62,81.02
276.61,222.43,78.21,80.42
276.21,221.87,78.80,79.83
275.81,221.30,79.39,79.23
275.41,220.73,79.98,78.64
275.00,220.17,80.57,78.04
274.59,219.61,81.17,77.45
274.19,219.04,81.75,76.85
273.79,218.47,82.35,76.26
272.90,218.34,82.37,79.19
272.01,218.21,82.39,77.79
271.13,218.07,82.38,77.60
270.23,217.94,82.38,77.41
269.35,217.80,82.37,77.22
268.46,217.67,82.37,77.03
267.57,217.53,82.36,76.83
266.68,217.40,82.36,76.64
265.79,217.27,82.35,76.45
264.91,217.13,82.35,76.25
265.15,217.27,82.50,74.21
265.40,217.40,82.65,72.17
265.64,217.53,82.81,70.12
265.89,217.67,82.97,68.07
266.13,217.81,83.13,66.02
266.93,217.94,82.73,63.97
266.36,218.07,83.70,61.93
265.79,218.21,84.68,59.89
265.21,218.34,85.65,57.84
264.64,218.47,86.63,55.79
263.40,219.00,87.49,54.03
263.66,215.93,83.35,56.11
263.91,212.87,79.22,58.20
264.17,199.67,75.09,68.80
264.43,197.47,72.57,70.73
264.69,195.26,74.11,70.21
264.94,193.05,76.06,72.53
265.20,190.85,77.20,73.49
265.46,188.65,77.81,74.46
265.71,186.45,81.75,75.42
264.75,186.73,84.85,73.57
261.07,184.93,89.19,73.81
257.40,183.14,93.52,74.05
257.20,182.57,94.38,73.06
257.01,182.00,95.23,72.07
256.81,179.92,96.09,72.59
256.61,177.83,96.94,73.11
256.41,175.75,97.80,73.64
256.22,173.67,98.65,74.16
256.03,170.57,99.51,75.70
255.62,170.97,100.18,73.63
254.32,168.98,100.95,73.09
253.02,166.73,101.58,72.61
251.72,162.35,102.15,72.98
250.42,162.15,99.25,73.32
249.12,159.53,100.95,76.07
247.81,157.91,103.05,77.62
246.51,156.30,107.42,80.03
245.21,154.69,111.12,81.38
243.91,153.07,117.02,73.53
243.13,151.51,118.23,74.29
242.35,149.95,119.45,75.05
242.25,148.49,120.42,74.81
242.14,147.03,121.39,74.57
242.03,146.11,121.91,75.63
241.65,144.11,120.95,76.16
241.35,143.73,121.19,75.41
241.39,141.64,120.41,73.96
241.71,141.57,119.65,74.13
242.03,141.50,118.91,74.30
242.51,141.71,118.96,73.78
243.00,141.93,119.01,73.27
243.49,142.14,119.07,72.75
243.97,142.36,119.13,72.22
244.45,142.57,119.18,71.70
244.94,142.79,119.23,71.19
245.42,143.01,119.29,70.66
245.91,143.22,119.35,70.98
246.39,143.43,119.41,71.30
246.87,143.65,119.46,71.61
247.19,143.97,119.95,72.03
247.52,144.30,120.43,72.43
247.84,144.62,120.91,72.85
248.17,144.94,121.39,73.26
248.49,145.27,121.88,73.11
248.81,145.59,122.36,72.97
249.13,145.91,122.85,72.82
249.46,146.23,123.33,72.68
249.78,146.56,123.81,72.53
250.11,146.88,124.29,72.39
250.16,147.53,123.91,72.01
250.07,149.37,124.40,72.16
251.04,149.60,125.89,72.20
249.33,151.67,126.87,71.59
250.27,153.75,124.60,70.65
249.53,154.75,125.33,69.72
249.40,157.09,123.80,68.78
246.67,159.43,124.99,66.77
243.95,161.77,126.19,64.77
237.19,164.11,132.08,65.16
238.72,165.08,131.08,64.39
238.10,168.92,131.57,63.08
237.75,171.55,132.05,61.85
239.33,174.71,131.47,60.42
239.91,176.18,131.35,59.95
242.43,178.93,130.20,59.47
244.95,181.69,129.05,58.98
246.67,184.44,130.13,59.29
250.41,186.12,129.66,58.95
252.53,189.95,135.61,57.59
254.81,192.40,133.72,56.27
257.93,194.85,132.17,57.01
260.12,197.30,130.21,55.30
262.30,199.75,129.80,55.72
264.49,202.19,129.38,56.14
266.40,204.65,128.30,57.49
268.31,207.09,127.22,58.84
270.55,209.55,126.82,58.19
272.77,211.99,126.43,57.54
275.41,214.45,127.26,62.95
276.35,216.09,127.12,61.98
279.32,219.41,126.48,61.13
280.08,221.51,126.19,60.42
282.27,223.62,126.53,60.93
284.47,225.72,126.87,61.45
286.67,227.83,127.22,61.97
288.87,229.93,127.55,62.48
292.01,232.04,127.90,62.99
295.15,234.15,128.24,63.50
298.29,236.25,128.58,64.02
299.82,238.29,126.16,63.13
303.41,240.34,125.05,63.86
306.71,242.93,124.09,62.77
310.01,245.51,123.13,61.69
312.49,247.37,121.91,61.43
315.95,250.59,119.45,59.08
318.07,251.58,117.53,58.09
321.97,253.29,113.15,57.11
325.87,254.99,108.75,56.14
329.78,256.71,104.35,55.16
332.17,258.73,101.69,54.01
335.37,260.74,94.23,52.79
339.55,262.76,88.45,51.61
343.20,264.78,84.18,50.42
345.76,266.80,79.92,49.23
348.33,268.82,75.65,48.05
349.68,269.76,71.39,48.44
351.03,272.14,67.13,46.73
352.38,274.51,62.87,45.02
353.73,276.89,58.60,43.31
355.24,277.65,56.55,42.85
354.69,278.40,54.51,42.39
354.13,279.15,52.47,41.93
353.57,279.91,50.41,41.47
353.01,280.66,48.37,41.01
352.46,281.42,46.33,40.54
351.90,282.17,44.28,40.08
350.81,282.93,42.23,39.62
352.54,280.59,39.38,42.25
354.27,278.27,36.53,44.87
358.20,278.20,34.95,46.07
358.67,276.53,36.82,48.87
359.27,276.13,36.80,50.93
359.07,277.73,41.00,47.67
359.53,278.00,40.66,46.73
368.40,278.20,33.53,48.48
370.07,279.80,33.59,48.83
366.69,280.81,38.71,49.77
363.31,281.81,43.82,50.71
359.93,282.82,48.93,51.65
365.22,284.57,45.18,51.25
370.51,286.32,41.42,50.84
375.80,288.07,37.67,50.43
375.73,289.83,39.27,50.03
376.65,291.57,39.17,49.62
377.55,293.33,39.09,49.21
378.47,295.08,38.99,48.81
377.86,296.56,39.94,45.71
381.67,298.18,36.38,46.65
385.53,300.33,38.67,47.59
385.99,301.01,41.17,48.02
386.45,301.68,43.68,48.45
386.91,302.35,46.19,48.87
387.36,303.03,48.69,49.30
387.82,303.70,51.19,49.73
388.27,304.37,53.70,50.16
388.73,305.05,56.20,50.59
389.93,305.72,57.96,51.01
391.20,306.39,59.66,51.45
389.00,307.06,64.81,51.87
389.33,306.87,65.85,52.30
389.27,307.23,69.51,53.18
389.20,307.57,73.16,54.06
389.13,307.93,76.81,54.94
389.80,307.47,75.70,55.13
387.00,307.28,82.95,55.34
387.60,307.16,85.11,55.54
387.33,307.04,88.14,55.75
384.13,306.11,94.11,55.95
382.80,305.18,98.20,56.15
383.12,304.29,99.12,56.96
385.36,303.37,99.61,57.35
387.60,302.45,100.11,57.75
395.73,301.19,94.71,59.47
396.73,299.93,95.36,60.54
399.40,298.67,96.45,61.27
401.73,297.40,95.52,62.00
400.87,296.13,100.66,62.73
400.45,295.68,102.11,63.49
401.13,293.61,105.71,64.26
401.35,293.09,107.49,64.05
401.56,292.58,109.27,63.83
401.77,292.07,111.04,63.61
401.99,291.56,112.82,63.40
402.20,291.05,114.60,63.19
402.41,290.54,116.38,62.97
402.63,290.03,118.15,62.75
402.84,289.51,119.93,62.54
403.05,289.00,121.71,62.33
403.27,288.49,123.49,62.11
404.67,287.63,124.33,61.23
408.57,286.77,122.66,60.97
412.47,285.91,120.99,60.69
417.89,285.05,116.73,60.43
417.00,284.19,120.03,63.68
416.07,283.32,123.38,65.15
454.80,282.46,85.47,58.74
455.17,281.60,87.63,58.78
455.55,280.74,89.79,58.81
457.93,279.88,91.17,58.85
458.20,278.72,92.92,60.41
458.35,278.37,93.44,59.58
460.00,278.19,92.90,59.55
461.93,276.51,94.65,58.63
463.55,275.14,92.45,57.68
465.18,273.77,95.09,56.74
466.53,273.49,95.73,55.79
469.59,271.76,96.35,54.85
471.13,271.91,94.59,54.42
471.67,268.31,97.62,52.96
473.00,267.04,98.11,54.83
473.27,265.77,99.68,55.69
474.07,264.51,100.71,55.96
476.80,263.24,99.81,56.16
477.00,261.98,101.17,57.09
485.60,260.71,96.07,57.29
485.40,259.45,97.75,57.35
495.27,258.19,89.36,57.48
499.33,256.92,86.77,60.21
511.80,255.65,75.79,55.41
511.53,254.82,78.10,56.98
511.13,253.98,82.97,58.09
509.80,253.15,87.39,58.79
511.63,252.59,85.90,58.78
513.47,252.02,84.41,58.78
515.53,251.07,85.18,59.06
516.60,250.13,85.95,59.07
517.67,249.19,86.71,59.01
518.50,248.25,88.12,58.55
519.33,247.31,89.52,58.09
519.20,246.69,90.63,59.51
519.80,246.07,92.97,61.07
522.57,245.45,92.87,61.13
525.33,244.83,92.78,61.20
526.97,244.21,91.89,59.81
528.60,243.59,91.00,58.41
529.27,242.97,90.68,59.23
534.47,242.36,88.78,60.04
533.33,242.55,89.71,61.12
535.73,241.12,89.27,64.28
537.99,240.66,88.65,63.67
540.23,240.21,88.03,63.05
542.49,239.75,87.40,62.43
544.73,239.29,86.79,61.82
547.55,238.83,86.16,61.20
550.36,238.37,85.53,60.59
553.17,237.91,84.92,59.97
555.98,237.46,84.29,59.35
558.79,237.00,83.67,58.74
561.60,236.54,83.05,58.13
560.53,236.87,85.29,58.19
559.47,237.21,87.54,58.26
558.40,237.54,89.78,58.33
557.67,238.13,92.20,58.81
556.93,238.72,94.62,59.28
556.33,239.57,96.91,59.83
556.40,240.09,96.91,59.37
558.93,240.08,96.07,60.22
561.47,240.06,95.23,61.07
560.80,241.66,99.19,57.87
560.80,241.98,100.65,58.55
573.53,243.20,90.77,55.87
573.25,243.61,93.01,55.61
572.56,244.95,95.25,55.36
571.87,246.29,97.48,55.10
572.00,247.62,99.47,52.71
571.13,248.95,102.45,52.71
570.27,250.29,105.43,52.71
569.69,251.09,107.03,53.27
571.27,252.97,108.65,53.83
567.93,254.07,113.89,52.60
563.80,255.17,119.93,52.83
564.20,256.27,121.45,53.13
562.27,257.38,126.91,53.09
565.27,258.21,125.01,52.85
565.73,259.37,127.67,53.30
571.50,260.53,122.50,53.71
577.27,261.69,117.33,54.11
581.40,262.31,112.72,54.49
585.80,264.00,113.23,51.73
587.33,264.00,112.77,52.73
593.80,266.84,110.25,55.03
597.21,267.63,107.69,53.03
609.20,269.03,98.71,53.49
613.15,270.44,97.22,53.96
617.10,271.84,95.74,54.43
621.05,273.25,94.25,54.89
624.73,274.65,92.77,55.35
628.41,276.05,91.29,55.81
636.13,277.46,89.81,55.47
633.23,278.51,93.20,55.23
634.93,279.59,96.59,54.99
635.60,282.33,99.19,54.73
631.87,284.06,105.12,57.21
627.40,286.23,109.00,54.63
633.40,287.93,112.10,55.67
632.27,288.61,114.67,55.01
629.53,289.29,123.14,54.35
630.73,289.97,121.23,54.77
634.00,290.65,123.70,55.15
632.47,291.43,125.35,55.04
636.40,293.29,127.02,54.91
640.23,293.93,126.27,54.78
644.05,294.57,125.53,54.64
647.87,295.22,124.77,54.51
650.13,295.87,128.35,54.33
650.93,296.51,128.68,54.22
653.87,297.43,130.73,55.17
660.61,297.94,125.89,54.49
672.73,298.45,121.04,53.81
673.27,298.97,121.44,53.92
681.43,299.21,121.85,54.03
682.90,298.67,122.25,54.14
688.45,299.37,122.66,54.25
684.00,299.81,127.13,54.33
689.00,300.55,129.96,54.45
690.87,300.50,130.35,54.57
695.20,301.53,132.93,54.67
695.80,300.93,131.97,55.60
710.40,303.57,125.09,55.70
711.39,303.75,125.29,55.94
714.27,305.12,129.28,55.61
715.13,305.69,129.84,54.57
724.80,307.45,127.32,55.08
730.13,308.36,123.26,54.24
735.73,309.91,124.53,55.82
735.67,310.12,126.76,57.48
744.07,312.39,124.74,56.87
744.27,313.72,125.13,57.47
747.20,316.13,127.09,58.07
748.35,316.64,126.69,58.10
749.93,318.51,130.06,57.29
748.47,319.13,132.14,56.87
754.11,320.25,130.84,57.07
755.40,321.23,130.63,57.28
758.20,322.05,131.81,57.49
757.27,321.86,134.70,57.69
766.33,321.67,127.59,57.90
767.33,322.02,128.55,57.85
774.80,321.29,123.05,58.31
775.27,321.27,123.20,58.09
776.66,320.80,123.66,58.31
777.25,319.67,124.09,59.19
775.27,317.95,126.96,59.32
774.13,317.30,128.63,59.70
773.93,315.36,131.30,62.77
774.73,314.50,131.09,62.83
781.27,312.20,127.65,62.40
782.93,310.71,127.20,64.35
787.80,307.61,127.32,69.53
787.73,306.91,128.17,70.22
792.00,304.75,128.58,71.98
796.33,303.43,124.01,72.77
800.27,300.15,124.41,75.11
799.40,298.98,125.98,77.09
798.60,296.62,129.53,77.85
797.27,294.94,131.45,78.26
793.53,292.18,136.86,80.89
790.73,291.03,141.33,82.83
790.33,289.89,143.40,74.58
791.53,288.95,142.83,78.52
794.09,288.00,142.25,78.85
794.68,287.06,142.11,78.82
795.27,286.12,141.98,78.79
795.87,285.17,141.85,78.76
799.60,283.69,139.11,79.31
801.50,282.89,137.81,79.85
803.40,282.08,136.51,80.39
802.90,281.27,137.06,80.93
802.40,280.47,137.61,81.47
803.37,280.40,136.97,80.80
804.33,280.33,136.33,80.13
804.13,280.26,136.71,79.81
802.73,280.19,140.55,79.54
805.19,279.86,139.65,77.39
807.63,279.52,138.75,75.25
810.82,279.59,136.11,73.10
814.00,279.65,133.46,70.95
815.07,279.73,132.93,70.94
813.40,279.79,135.14,77.41
810.53,281.23,139.27,73.17
805.20,281.58,144.63,76.95
803.73,281.27,145.55,78.60
800.20,283.11,148.85,79.43
798.67,283.87,150.15,77.87
794.53,285.92,154.05,79.61
791.73,287.97,157.40,77.56
789.38,290.03,159.25,77.60
787.02,292.08,161.12,77.64
784.67,294.13,162.97,77.68
783.73,295.89,163.59,77.11
780.73,297.63,165.73,77.97
781.03,296.93,165.19,80.39
781.33,299.03,164.07,80.00
781.62,301.13,162.85,79.07
781.91,303.23,162.42,78.79
782.21,305.33,161.99,78.52
782.51,307.43,161.56,78.25
782.80,309.53,161.13,77.97
783.10,311.63,161.37,77.70
783.03,312.98,161.93,76.55
782.97,314.33,162.50,75.40
782.90,314.46,162.75,75.81
785.25,314.40,161.41,74.87
784.78,314.52,161.95,73.75
784.31,313.67,162.47,73.59
783.84,312.83,162.97,73.44
783.37,311.98,163.49,73.29
782.89,311.13,164.00,73.13
782.43,310.29,164.51,72.98
781.82,309.91,165.11,73.13
781.20,309.53,163.61,71.67
781.67,309.14,163.45,72.03
780.91,307.69,161.74,72.39
780.16,307.48,161.64,72.75
779.41,307.28,159.75,73.10
778.65,307.08,157.85,73.45
777.91,306.87,155.95,73.82
777.15,306.67,154.05,74.17
776.40,306.47,149.60,74.53
778.73,306.11,144.67,75.31
778.67,305.75,142.14,76.10
778.61,305.39,139.60,76.89
778.55,305.03,137.07,77.67
778.49,304.68,134.53,78.45
778.44,304.32,131.99,79.24
778.38,303.96,129.46,80.03
778.32,303.60,126.92,80.81
778.26,303.24,124.39,81.60
778.20,302.88,121.85,82.39
778.15,304.34,118.38,81.13
778.11,305.80,117.76,80.20
777.00,307.26,116.67,79.34
777.11,308.71,114.37,78.55
776.93,309.64,114.49,78.96
777.09,310.80,111.71,78.70
777.25,311.96,108.92,78.45
776.60,314.60,106.68,79.00
776.07,315.49,104.72,78.57
777.73,317.46,100.56,77.67
776.33,318.00,100.82,78.40
776.53,320.55,98.93,76.05
775.60,322.49,98.79,75.58
774.67,324.43,97.00,76.24
773.33,325.53,97.80,77.13
771.39,327.64,98.35,77.69
771.60,329.75,97.41,76.38
768.93,331.86,99.36,76.61
766.27,333.97,101.31,76.83
763.60,336.08,103.25,79.92
758.40,338.41,106.82,79.02
753.20,340.75,110.38,78.12
749.87,342.00,112.89,77.20
743.53,345.57,116.93,77.37
736.97,347.87,121.83,76.56
730.40,350.18,126.73,75.75
725.07,352.49,130.41,75.75
719.73,354.79,134.07,75.74
713.33,357.10,138.81,76.03
706.93,359.41,143.55,76.33
705.60,360.66,143.63,79.14
696.00,361.92,151.97,80.41
691.20,363.17,155.51,81.69
686.40,364.43,159.06,82.97
684.72,365.69,159.49,82.91
683.30,367.31,159.65,83.11
681.89,368.92,159.81,83.31
680.47,370.53,159.98,83.51
678.39,370.71,160.79,86.49
676.87,379.53,161.07,79.73
677.27,378.73,160.11,82.15
675.60,382.60,161.21,82.07
674.88,383.40,162.19,81.27
674.15,384.67,162.24,82.34
673.97,386.60,160.16,80.20
673.14,387.13,160.63,81.39
672.31,387.67,161.11,82.57
671.48,387.60,161.57,84.36
670.65,387.53,162.05,86.15
669.81,385.87,162.52,89.53
669.66,388.45,162.41,88.44
669.50,391.03,162.30,87.35
669.35,393.60,162.19,86.27
669.73,394.60,161.53,86.47
669.49,393.67,160.71,87.93
669.24,398.67,159.09,85.73
668.99,398.53,159.67,88.13
668.75,398.13,160.25,91.87
668.49,398.73,160.31,93.53
668.25,398.73,160.62,96.87
669.79,400.40,159.87,96.67
671.34,404.93,160.45,94.49
669.67,402.67,162.60,99.13
671.67,402.53,162.93,101.07
673.69,403.53,163.27,102.51
675.69,404.47,163.62,104.02
677.70,404.36,162.10,103.91
681.05,408.65,162.55,103.21
682.39,411.73,161.88,100.93
684.81,416.43,163.66,102.11
689.07,415.91,159.41,102.29
695.93,422.80,154.34,100.56
699.47,428.93,153.41,95.35
703.87,432.60,149.60,98.60
710.49,434.87,143.77,97.33
717.11,437.14,138.42,97.86
723.74,439.41,134.09,99.66
730.37,441.67,129.77,101.46
736.99,443.95,124.87,101.59
743.60,447.27,121.07,102.87
752.15,451.56,113.19,99.64
760.69,455.85,108.87,96.15
769.25,460.14,104.55,92.66
786.40,473.07,96.20,79.80
789.20,475.13,96.60,78.80
796.93,478.67,97.24,76.65
791.00,479.93,102.13,75.40
805.60,481.47,99.33,77.07
816.53,482.60,95.73,77.13
832.03,486.14,88.10,74.46
837.23,489.25,87.77,73.75
844.59,488.91,98.08,75.03
850.81,488.15,92.73,76.99
853.62,489.24,105.38,76.83
857.07,490.33,103.66,76.47
862.46,491.42,109.67,75.98
867.21,490.87,108.66,74.87
872.81,492.83,116.79,79.63
874.55,493.98,116.99,82.02
881.77,497.07,122.37,80.26
881.49,499.57,126.04,78.96
891.33,499.39,128.93,79.21
897.95,500.69,121.71,78.25
904.29,502.36,124.05,74.24
911.38,504.03,118.89,72.49
914.59,505.37,143.34,73.03
925.40,507.29,136.87,70.71
936.21,509.20,130.39,68.40
940.23,510.47,125.25,66.07
946.83,512.71,125.90,63.16
947.60,514.71,130.07,63.29
950.13,516.07,129.95,61.18
949.51,516.22,127.15,58.31
950.59,517.94,136.14,58.73
952.59,518.15,135.61,57.91
952.71,520.47,148.09,55.92
952.11,520.00,150.63,55.41
1021.80,524.59,81.78,42.01
1022.23,528.69,82.17,40.21
1025.88,532.79,76.81,38.41
1029.79,531.01,72.21,39.79
1044.07,533.18,57.13,33.49
1047.66,535.99,99.34,56.41
1053.37,538.07,91.63,59.27
1054.03,540.14,94.43,64.01
1053.65,542.21,100.15,65.20
1053.27,544.29,105.87,66.37
1057.51,545.39,110.62,74.47
1051.91,548.92,109.52,81.11
1065.05,550.51,108.42,87.75
1064.95,550.69,109.01,87.19
1064.86,550.87,109.59,86.63
1064.77,551.05,110.17,86.09
1064.68,552.00,107.85,85.52
1064.59,552.95,108.93,84.97
1064.50,553.89,109.99,84.41
1064.41,554.85,111.06,83.85
1064.31,555.79,112.13,83.29
1064.23,556.74,113.20,82.73
1064.13,557.69,114.27,82.17
1063.54,557.61,117.63,84.39
1062.95,557.52,120.99,86.61
1062.48,558.24,120.52,87.43
1065.75,555.73,121.99,87.20
1064.43,556.99,121.17,85.74
1062.55,559.23,123.25,89.77
1063.64,560.24,123.03,89.49
1064.74,561.26,122.79,89.21
1067.13,562.28,120.01,88.62
1069.52,563.30,117.21,88.03
1069.59,564.11,116.86,90.37
1069.66,564.91,116.49,92.70
1069.73,565.72,116.13,95.03
1070.15,566.86,114.81,97.03
1070.58,567.99,113.48,99.04
1071.00,569.13,112.15,101.04
1071.67,569.69,112.51,103.62
1070.40,570.41,112.88,104.59
1069.13,571.13,113.24,105.55
1065.93,572.00,113.60,108.79
1063.80,571.33,113.02,108.41
1060.87,571.37,120.87,120.30
1057.94,571.40,122.26,119.27
1055.01,571.43,116.66,120.83
1052.07,571.47,109.29,119.80
1047.98,572.21,108.37,118.74
1043.89,572.96,107.43,117.67
1039.79,573.71,106.51,116.61
1035.69,574.45,105.57,115.55
1031.60,575.20,104.64,114.49
1030.30,573.95,104.10,114.79
1023.47,572.34,103.57,115.07
1018.81,572.33,103.04,115.40
1013.83,573.09,101.86,113.53
1008.85,573.85,100.69,111.65
1003.87,574.60,99.52,109.78
999.47,565.33,101.72,117.50
996.07,562.67,99.91,118.19
996.33,561.87,96.04,118.63
986.27,559.47,99.28,117.43
982.13,560.20,101.36,116.35
979.87,553.20,99.85,114.34
971.27,544.87,103.45,121.38
969.87,549.17,100.78,111.41
968.67,547.20,98.13,111.73
968.40,544.33,94.15,101.33
968.29,543.52,91.80,98.55
967.42,543.99,89.45,82.87
965.73,541.24,91.60,76.23
970.53,541.07,84.73,51.53
980.73,539.33,76.53,46.06
974.73,540.28,71.34,47.85
972.79,538.80,70.87,49.07
968.41,532.89,66.85,52.57
968.07,532.80,61.79,49.13
970.19,532.64,55.15,55.43
969.39,533.53,55.67,58.80
956.13,523.47,45.69,45.07
946.39,520.15,54.67,45.05
942.14,509.08,51.99,46.99
896.27,446.93,98.79,111.02
875.47,415.49,79.07,61.35
873.25,415.20,89.02,62.73
859.39,398.77,99.34,69.23
858.03,394.87,101.37,69.73
850.67,382.12,103.43,76.35
842.91,374.45,108.09,84.35
841.81,363.13,102.52,92.00
832.97,352.77,109.03,102.09
826.06,342.41,109.41,107.25
824.25,337.15,109.55,109.58
817.89,328.09,149.58,164.04
813.90,322.83,156.37,169.51
808.12,314.84,154.68,171.16
803.68,309.16,149.59,162.84
799.37,306.59,160.17,161.08
794.74,305.31,173.46,171.43
788.71,302.30,166.16,159.90
783.48,302.20,176.79,164.13
776.64,299.19,190.63,169.41
774.46,299.60,193.47,167.40
770.74,300.01,200.53,167.46
770.37,300.41,200.43,159.92
770.93,299.21,207.41,153.79
770.62,296.97,210.39,150.35
776.35,298.23,204.59,146.86
782.07,299.49,198.81,143.37
805.87,300.75,174.94,139.90
812.67,302.01,168.07,136.41
819.47,303.27,161.19,132.93
824.45,308.03,154.40,128.16
829.43,312.80,147.60,123.39
834.40,317.57,140.81,118.61
839.38,322.34,134.01,113.83
844.35,327.11,127.21,109.06
849.33,331.87,120.41,104.29
853.11,336.64,114.82,99.51
856.88,341.41,109.23,94.74
860.66,346.17,103.63,89.97
864.43,350.94,98.03,85.19
868.53,352.57,94.39,84.76
873.93,354.20,89.45,88.87
873.86,355.83,89.99,87.04
873.79,357.45,90.52,88.41
873.71,359.08,94.29,89.25
873.64,360.71,97.09,87.63
873.57,360.72,96.57,87.28
874.14,362.57,95.33,79.97
873.75,364.89,94.52,62.44
873.35,367.22,93.72,48.78
875.35,366.72,90.51,47.35
876.75,360.72,87.34,47.03
876.89,360.91,84.16,46.71
874.58,374.01,87.15,48.33
873.73,372.04,87.14,43.16
872.49,370.07,74.38,56.33
872.87,368.09,72.27,54.97
875.29,366.13,68.83,51.47
874.97,364.48,65.37,49.59
870.44,362.18,61.63,44.49
868.56,361.29,61.66,44.49
867.76,358.25,60.37,35.75
866.95,355.20,58.23,36.85
866.15,352.15,56.08,37.94
865.35,349.11,53.94,39.03
864.55,346.07,51.79,40.12
867.31,344.80,49.63,38.96
870.07,343.53,47.47,37.80
866.00,343.20,54.40,36.65
862.00,341.93,61.27,36.44
862.45,342.33,61.01,36.23
862.89,342.73,60.76,36.03
863.34,343.13,60.51,35.82
863.79,343.53,60.25,35.61
864.24,343.93,59.99,35.41
864.69,344.33,59.74,35.20
865.13,344.73,59.49,34.99
873.87,347.93,50.95,31.99
874.73,348.33,50.28,31.78
873.60,347.80,51.61,32.51
875.41,348.71,52.12,33.11
877.22,349.63,52.63,33.71
876.33,353.29,53.15,34.30
878.03,350.48,53.67,34.91
878.61,356.59,54.19,35.50
877.89,351.06,54.70,36.10
879.77,356.11,55.22,36.71
879.93,357.71,55.73,37.30
880.10,359.32,56.25,37.90
880.26,360.93,56.77,38.49
879.23,361.87,57.28,39.10
878.20,362.81,57.80,39.69
877.17,363.75,58.32,40.29
876.03,362.84,58.83,40.89
874.91,361.92,59.35,41.49
875.85,364.68,58.03,42.09
876.79,367.44,56.71,42.70
877.74,370.20,55.39,43.30
877.29,369.75,58.66,43.89
873.93,372.52,61.93,44.48
872.94,372.53,61.93,44.48
871.95,372.55,61.93,44.48
870.95,372.56,61.93,44.48
870.64,373.54,61.93,44.49
870.33,374.52,61.93,44.49
870.09,374.95,61.93,44.49
869.85,375.39,61.93,44.48
869.77,375.01,61.93,44.48
869.69,374.64,61.93,44.48
869.60,374.26,61.93,44.49
869.21,374.75,61.93,44.48
868.81,375.23,61.93,44.49
868.41,375.71,61.93,44.49
868.01,376.19,61.93,44.48
867.61,376.67,61.93,44.48
867.21,377.15,61.93,44.49
866.82,377.63,61.93,44.49
866.42,378.12,61.93,44.48
866.03,378.60,61.93,44.48
856.29,372.26,61.93,44.49
856.50,372.91,61.93,44.48
856.71,373.55,61.93,44.49
856.91,374.19,61.93,44.48
857.12,374.83,61.93,44.49
857.33,375.48,61.93,44.48
857.53,376.12,61.93,44.49
857.74,376.76,61.93,44.49
857.95,377.41,61.93,44.49
858.15,378.05,61.93,44.49
0.00,0.00,0.00,0.00
0.00,0.00,0.00,0.00
0.00,0.00,0.00,0.00
0.00,0.00,0.00,0.00
0.00,0.00,0.00,0.00
0.00,0.00,0.00,0.00
0.00,0.00,0.00,0.00
0.00,0.00,0.00,0.00
0.00,0.00,0.00,0.00
0.00,0.00,0.00,0.00
0.00,0.00,0.00,0.00
0.00,0.00,0.00,0.00
0.00,0.00,0.00,0.00
0.00,0.00,0.00,0.00
0.00,0.00,0.00,0.00
0.00,0.00,0.00,0.00
0.00,0.00,0.00,0.00
0.00,0.00,0.00,0.00
0.00,0.00,0.00,0.00
0.00,0.00,0.00,0.00
0.00,0.00,0.00,0.00
0.00,0.00,0.00,0.00
0.00,0.00,0.00,0.00
0.00,0.00,0.00,0.00
0.00,0.00,0.00,0.00
0.00,0.00,0.00,0.00
0.00,0.00,0.00,0.00
0.00,0.00,0.00,0.00
0.00,0.00,0.00,0.00
0.00,0.00,0.00,0.00
0.00,0.00,0.00,0.00
0.00,0.00,0.00,0.00
0.00,0.00,0.00,0.00
0.00,0.00,0.00,0.00
0.00,0.00,0.00,0.00
0.00,0.00,0.00,0.00
0.00,0.00,0.00,0.00
0.00,0.00,0.00,0.00
0.00,0.00,0.00,0.00
0.00,0.00,0.00,0.00
0.00,0.00,0.00,0.00
0.00,0.00,0.00,0.00
0.00,0.00,0.00,0.00
0.00,0.00,0.00,0.00
0.00,0.00,0.00,0.00
0.00,0.00,0.00,0.00
0.00,0.00,0.00,0.00
0.00,0.00,0.00,0.00
0.00,0.00,0.00,0.00
0.00,0.00,0.00,0.00
940.20,464.73,28.05,18.61
929.03,458.07,30.30,25.40
918.97,446.67,37.37,37.08
908.89,446.00,49.04,38.03
914.65,457.93,40.42,29.31
920.40,458.93,35.11,31.53
904.93,430.20,42.87,62.65
899.77,428.93,44.42,65.69
894.60,427.67,45.97,68.73
893.27,426.93,45.87,70.60
883.36,427.53,61.91,64.67
881.60,426.40,90.33,75.87
887.70,424.09,85.30,77.38
886.67,422.31,87.26,79.75
883.03,416.43,94.77,94.57
874.72,415.97,104.01,95.16
876.21,414.97,105.86,107.09
878.10,417.47,103.63,108.13
874.97,410.82,113.23,121.51
873.71,410.09,113.95,123.31
869.77,411.25,120.36,124.09
869.10,414.04,123.10,122.29
865.44,416.93,126.69,121.21
861.78,417.15,133.55,123.78
883.40,439.40,111.99,101.23
888.93,442.27,108.13,102.91
881.93,442.07,117.07,104.87
878.60,444.40,116.33,101.73
879.53,444.07,116.71,105.10
875.00,444.40,118.65,101.43
873.80,445.93,118.07,99.53
869.53,446.93,131.25,98.49
868.47,447.20,131.02,98.72
869.33,448.80,132.75,92.50
871.80,448.07,132.61,91.49
870.99,449.31,132.34,89.83
872.17,448.08,131.23,85.59
868.31,449.27,134.22,83.53
867.86,449.21,133.07,83.66
864.85,448.47,131.95,79.67
861.84,447.73,130.83,75.67
862.11,437.38,121.36,84.82
863.52,437.09,117.61,85.18
869.80,426.39,113.90,86.54
872.80,423.28,110.21,87.52
895.07,414.02,88.72,91.78
894.53,410.41,89.39,97.39
893.47,398.39,90.86,103.81
893.13,394.63,91.24,107.77
894.07,384.40,90.35,117.27
896.61,383.87,87.86,119.73
897.20,376.30,89.93,125.50
895.00,373.23,92.69,128.31
903.13,368.53,85.66,129.93
903.87,368.11,87.29,123.29
910.07,361.09,81.27,100.71
906.47,360.47,85.31,91.59
903.00,356.16,89.42,91.37
897.60,356.33,94.75,91.60
896.67,351.12,95.87,87.15
897.87,349.94,94.33,84.59
882.40,343.17,109.61,85.76
879.13,343.62,111.60,85.11
872.67,338.91,119.09,85.82
870.53,338.32,121.01,87.41
869.80,334.27,121.53,87.53
870.33,334.37,120.78,86.89
872.53,329.69,119.17,82.51
872.55,329.86,118.67,81.73
867.47,327.06,123.28,79.87
866.40,325.34,123.86,80.19
856.07,324.18,132.72,80.29
852.87,323.01,134.99,76.32
838.07,321.59,147.71,76.35
837.13,320.46,147.45,75.67
823.93,318.27,158.07,77.60
822.20,318.43,159.58,77.70
812.07,316.45,167.35,78.51
810.47,315.53,167.65,79.33
803.87,314.63,172.69,79.31
803.20,313.71,172.33,80.95
801.30,312.43,171.49,79.83
802.93,312.23,168.71,79.91
802.20,310.82,166.49,76.51
801.25,310.48,166.11,76.25
797.87,308.35,165.73,76.96
799.73,307.67,161.55,72.86
797.47,305.71,159.15,75.29
798.13,305.19,156.97,76.01
788.47,300.91,162.01,80.69
785.80,300.92,162.21,78.68
781.97,298.99,162.45,79.17
779.60,297.05,162.73,81.82
786.67,291.88,152.75,85.52
785.93,290.41,151.50,86.59
784.07,288.93,151.39,86.11
782.20,287.45,151.27,85.61
776.88,285.17,154.61,85.13
776.67,284.23,154.45,84.64
766.40,282.62,160.85,84.98
760.93,281.55,164.60,83.65
749.47,279.95,171.28,84.11
744.37,278.37,173.41,82.67
739.27,276.78,175.55,81.22
737.40,276.53,175.60,78.67
729.00,274.72,180.17,80.21
729.67,272.91,176.96,80.43
726.93,271.09,175.81,82.31
726.27,270.09,174.65,84.19
722.00,267.87,176.15,84.73
723.87,266.46,172.60,86.87
721.80,265.72,170.92,83.01
719.40,264.98,171.67,82.05
717.00,264.24,172.42,81.09
716.93,263.50,170.83,80.63
713.75,262.76,172.37,79.37
713.80,262.03,170.67,79.07
705.20,261.29,176.54,77.98
701.40,260.55,179.05,77.94
697.60,259.81,181.55,77.91
695.13,259.07,182.73,77.87
694.12,259.30,181.08,74.83
693.11,257.93,180.32,76.39
692.50,257.69,179.56,76.14
691.89,257.45,178.81,75.89
690.74,258.11,178.05,75.36
690.40,258.77,176.48,73.57
689.07,259.42,175.13,72.71
687.73,260.08,174.82,71.92
683.40,260.73,176.16,74.27
683.67,261.39,174.25,73.88
681.27,261.89,172.41,75.97
681.07,262.40,172.13,76.00
679.04,262.90,173.22,76.33
677.02,263.41,174.31,76.66
671.20,263.91,176.40,76.99
669.93,265.47,177.47,76.27
665.73,265.71,178.57,76.83
665.73,265.95,177.53,76.39
663.15,266.19,174.91,77.51
663.79,266.43,172.30,78.64
663.86,267.71,167.49,78.69
664.47,267.91,162.69,78.96
663.13,270.94,157.87,77.46
663.33,270.51,152.25,77.36
665.67,273.31,143.82,74.43
665.40,274.49,138.59,73.78
668.67,275.67,131.23,70.19
665.92,276.85,128.91,70.55
665.73,276.96,128.73,70.11
664.47,280.03,122.63,69.11
662.87,282.84,116.09,67.76
663.33,282.51,115.20,68.95
661.60,285.31,109.65,68.69
662.48,286.27,105.98,68.38
662.40,285.61,106.37,69.45
662.33,288.51,97.86,68.88
662.53,291.81,90.09,66.39
662.40,291.87,89.66,66.46
661.20,291.94,84.37,66.53
662.13,292.01,83.95,66.59
661.08,291.91,82.71,66.71
658.07,293.26,77.95,66.83
658.40,292.97,76.89,66.94
654.93,294.49,75.31,67.06
650.87,296.77,73.62,67.97
651.27,296.67,72.95,68.19
650.67,297.93,71.00,68.09
648.29,299.19,71.18,69.08
645.91,299.63,71.35,68.43
643.53,301.70,71.54,67.77
640.20,301.81,72.89,68.00
633.67,303.55,75.46,69.85
632.87,304.00,74.85,69.88
620.80,304.92,83.17,70.68
619.33,305.92,81.83,69.48
608.67,305.58,89.15,69.59
607.33,305.17,88.09,69.71
596.27,304.40,95.31,69.83
595.27,303.63,95.44,69.95
586.17,302.86,100.96,70.07
584.97,302.47,101.23,71.19
574.99,302.09,107.95,70.98
574.15,301.16,107.99,72.27
564.63,300.85,113.97,72.75
564.07,300.54,111.87,73.13
553.45,299.96,116.42,77.24
553.39,299.72,112.47,77.68
542.30,299.47,119.70,79.86
543.73,298.96,117.41,80.97
533.85,298.99,125.35,81.28
534.12,298.91,125.68,82.43
525.57,299.37,130.49,82.77
523.45,300.03,132.35,84.03
516.47,299.77,142.67,84.49
515.34,300.05,146.19,86.15
506.40,299.68,153.93,86.72
508.03,298.78,152.51,86.35
504.68,298.59,156.19,86.65
501.33,298.40,159.87,86.93
494.61,298.21,167.19,91.59
496.01,298.52,167.12,91.61
490.08,297.75,174.79,95.18
487.83,296.05,175.51,95.15
480.14,297.07,170.19,95.47
479.95,297.24,165.98,95.76
473.30,298.32,162.57,96.01
471.36,298.26,172.97,94.14
466.64,299.28,161.96,95.12
466.09,299.22,164.71,96.11
459.62,301.31,160.78,96.09
458.13,302.19,157.81,97.48
448.83,302.42,154.85,98.86
448.85,301.50,159.41,99.17
446.91,303.08,152.15,100.72
446.55,301.11,149.45,103.89
446.71,299.42,150.09,105.91
447.56,299.68,145.91,106.12
447.95,299.58,140.99,107.15
448.21,299.48,137.13,107.45
447.39,298.30,127.67,105.90
446.54,299.72,124.99,103.35
446.73,300.85,113.47,99.82
445.95,300.63,109.51,98.11
444.55,302.75,99.58,96.39
442.89,303.39,100.85,95.47
440.20,304.68,84.47,90.85
441.35,304.89,84.05,90.71
437.74,306.81,84.46,89.92
437.49,308.06,84.71,88.21
436.17,309.84,79.63,85.96
436.13,309.69,74.47,86.51
435.07,312.24,72.26,86.09
434.02,312.99,72.91,85.65
432.97,313.74,73.57,85.21
431.91,314.49,74.22,84.77
