608.0,128.0,33.0,33.0
606.0,122.0,34.0,35.0
591.0,115.0,34.0,34.0
526.0,122.0,52.0,29.0
423.0,156.0,73.0,72.0
365.0,277.0,57.0,59.0
358.0,366.0,35.0,79.0
367.0,531.0,87.0,56.0
449.0,572.0,84.0,47.0
530.0,584.0,84.0,47.0
631.0,596.0,75.0,47.0
698.0,614.0,75.0,46.0
774.0,622.0,60.0,45.0
820.0,600.0,54.0,46.0
889.0,588.0,51.0,46.0
905.0,574.0,50.0,45.0
923.0,547.0,50.0,45.0
940.0,532.0,50.0,45.0
930.0,505.0,50.0,45.0
913.0,493.0,50.0,45.0
896.0,480.0,48.0,38.0
870.0,466.0,45.0,36.0
840.0,462.0,41.0,34.0
817.0,459.0,35.0,30.0
767.0,454.0,35.0,29.0
727.0,465.0,35.0,28.0
679.0,475.0,37.0,29.0
643.0,499.0,36.0,28.0
598.0,522.0,35.0,27.0
550.0,542.0,50.0,33.0
499.0,557.0,49.0,32.0
468.0,539.0,50.0,45.0
428.0,520.0,41.0,42.0
410.0,471.0,38.0,44.0
418.0,424.0,38.0,44.0
430.0,380.0,49.0,50.0
471.0,356.0,46.0,42.0
504.0,357.0,41.0,38.0
526.0,378.0,35.0,39.0
534.0,397.0,36.0,34.0
540.0,421.0,31.0,31.0
544.0,439.0,33.0,33.0
540.0,456.0,30.0,30.0
537.0,465.0,31.0,34.0
535.0,470.0,34.0,35.0
539.0,471.0,35.0,37.0
551.0,468.0,34.0,40.0
573.0,458.0,31.0,36.0
599.0,431.0,29.0,33.0
622.0,410.0,29.0,33.0
643.0,380.0,31.0,33.0
663.0,359.0,32.0,35.0
690.0,348.0,32.0,33.0
715.0,341.0,32.0,32.0
735.0,339.0,34.0,33.0
756.0,338.0,34.0,34.0
769.0,341.0,32.0,36.0
776.0,349.0,38.0,35.0
776.0,360.0,35.0,35.0
769.0,375.0,36.0,34.0
750.0,385.0,35.0,33.0
718.0,382.0,38.0,31.0
691.0,346.0,38.0,43.0
682.0,307.0,37.0,35.0
684.0,255.0,36.0,45.0
694.0,229.0,43.0,44.0
718.0,216.0,39.0,41.0
737.0,214.0,37.0,38.0
751.0,226.0,41.0,31.0
765.0,254.0,37.0,29.0
762.0,279.0,34.0,29.0
750.0,302.0,37.0,35.0
721.0,323.0,41.0,39.0
694.0,347.0,38.0,37.0
668.0,362.0,37.0,42.0
646.0,380.0,37.0,43.0
628.0,393.0,37.0,41.0
616.0,401.0,37.0,41.0
607.0,414.0,34.0,39.0
602.0,425.0,33.0,38.0
597.0,439.0,33.0,35.0
597.0,443.0,32.0,33.0
597.0,438.0,32.0,33.0
600.0,387.0,30.0,31.0
600.0,342.0,30.0,31.0
599.0,272.0,30.0,61.0
596.0,232.0,30.0,61.0
594.0,204.0,35.0,39.0
592.0,177.0,35.0,39.0
590.0,158.0,35.0,39.0
591.0,144.0,30.0,35.0
586.0,137.0,38.0,38.0
584.0,137.0,37.0,38.0
582.0,147.0,38.0,32.0
584.0,164.0,34.0,37.0
580.0,182.0,36.0,38.0
579.0,208.0,36.0,42.0
578.0,237.0,35.0,41.0
577.0,276.0,37.0,46.0
576.0,330.0,38.0,40.0
578.0,352.0,36.0,40.0
581.0,370.0,35.0,45.0
585.0,395.0,33.0,40.0
590.0,409.0,35.0,36.0
597.0,415.0,36.0,35.0
606.0,419.0,36.0,36.0
619.0,423.0,37.0,34.0
637.0,425.0,36.0,33.0
664.0,422.0,31.0,31.0
698.0,391.0,29.0,40.0
712.0,335.0,33.0,59.0
713.0,289.0,31.0,49.0
688.0,257.0,47.0,48.0
651.0,214.0,53.0,52.0
612.0,208.0,46.0,40.0
577.0,210.0,43.0,51.0
555.0,227.0,43.0,48.0
543.0,264.0,38.0,48.0
547.0,304.0,35.0,46.0
563.0,338.0,34.0,46.0
581.0,367.0,40.0,43.0
599.0,392.0,37.0,39.0
612.0,407.0,39.0,40.0
621.0,423.0,35.0,39.0
622.0,438.0,34.0,35.0
611.0,444.0,38.0,32.0
595.0,436.0,37.0,31.0
577.0,394.0,40.0,49.0
566.0,339.0,40.0,55.0
590.0,278.0,37.0,64.0
611.0,237.0,48.0,57.0
648.0,221.0,48.0,45.0
692.0,222.0,45.0,45.0
720.0,241.0,44.0,47.0
736.0,272.0,34.0,49.0
717.0,310.0,47.0,44.0
686.0,322.0,36.0,40.0
652.0,302.0,38.0,48.0
640.0,272.0,34.0,51.0
645.0,230.0,37.0,47.0
659.0,205.0,38.0,48.0
678.0,191.0,37.0,44.0
702.0,191.0,40.0,33.0
725.0,193.0,43.0,31.0
752.0,206.0,36.0,34.0
769.0,225.0,43.0,36.0
781.0,247.0,40.0,48.0
785.0,292.0,35.0,49.0
768.0,333.0,46.0,52.0
735.0,374.0,53.0,38.0
701.0,398.0,36.0,37.0
668.0,402.0,37.0,40.0
638.0,392.0,35.0,41.0
613.0,369.0,35.0,44.0
597.0,340.0,34.0,44.0
584.0,313.0,35.0,43.0
575.0,292.0,35.0,41.0
571.0,277.0,34.0,38.0
571.0,265.0,33.0,37.0
573.0,261.0,32.0,34.0
577.0,261.0,31.0,33.0
581.0,265.0,32.0,35.0
585.0,275.0,33.0,35.0
590.0,288.0,31.0,33.0
591.0,304.0,31.0,33.0
591.0,318.0,31.0,35.0
591.0,332.0,30.0,35.0
589.0,343.0,31.0,36.0
588.0,352.0,30.0,33.0
586.0,356.0,31.0,32.0
585.0,356.0,31.0,31.0
584.0,349.0,30.0,30.0
579.0,331.0,32.0,30.0
578.0,309.0,32.0,30.0
577.0,284.0,32.0,31.0
579.0,257.0,31.0,40.0
581.0,246.0,34.0,39.0
585.0,238.0,34.0,39.0
591.0,236.0,35.0,38.0
597.0,237.0,38.0,40.0
608.0,242.0,37.0,42.0
617.0,252.0,41.0,40.0
627.0,261.0,39.0,38.0
637.0,269.0,38.0,40.0
643.0,276.0,34.0,38.0
640.0,278.0,36.0,39.0
633.0,279.0,36.0,37.0
621.0,281.0,36.0,35.0
606.0,278.0,37.0,35.0
588.0,267.0,38.0,40.0
573.0,261.0,36.0,39.0
558.0,252.0,35.0,39.0
544.0,240.0,37.0,41.0
536.0,231.0,37.0,42.0
531.0,225.0,33.0,37.0
530.0,223.0,32.0,35.0
532.0,224.0,33.0,35.0
537.0,228.0,33.0,35.0
544.0,231.0,34.0,40.0
553.0,242.0,35.0,38.0
561.0,253.0,35.0,40.0
565.0,266.0,34.0,40.0
568.0,283.0,32.0,41.0
569.0,303.0,32.0,42.0
569.0,330.0,32.0,43.0
568.0,351.0,33.0,44.0
567.0,374.0,33.0,44.0
565.0,396.0,33.0,48.0
561.0,431.0,34.0,46.0
558.0,444.0,32.0,44.0
552.0,464.0,31.0,32.0
549.0,462.0,30.0,31.0
554.0,432.0,28.0,31.0
562.0,403.0,26.0,34.0
565.0,361.0,33.0,41.0
567.0,319.0,40.0,46.0
581.0,302.0,33.0,42.0
588.0,287.0,34.0,37.0
595.0,275.0,35.0,37.0
600.0,271.0,34.0,33.0
604.0,271.0,32.0,33.0
607.0,276.0,32.0,33.0
608.0,285.0,31.0,34.0
606.0,300.0,31.0,33.0
598.0,321.0,33.0,32.0
589.0,342.0,32.0,35.0
576.0,359.0,35.0,37.0
557.0,379.0,34.0,34.0
545.0,398.0,29.0,29.0
531.0,413.0,29.0,25.0
509.0,430.0,36.0,24.0
496.0,427.0,29.0,30.0
482.0,421.0,33.0,33.0
469.0,413.0,35.0,35.0
455.0,408.0,39.0,36.0
453.0,398.0,41.0,38.0
466.0,343.0,43.0,38.0
474.0,299.0,44.0,42.0
519.0,227.0,56.0,54.0
552.0,211.0,33.0,30.0
560.0,191.0,33.0,28.0
558.0,176.0,36.0,35.0
559.0,179.0,34.0,31.0
560.0,191.0,36.0,30.0
553.0,207.0,28.0,13.0
565.0,167.0,13.0,12.0
564.0,151.0,13.0,17.0
561.0,118.0,29.0,28.0
578.0,101.0,38.0,34.0
588.0,103.0,34.0,32.0
586.0,101.0,35.0,36.0
568.0,101.0,36.0,30.0
507.0,100.0,62.0,31.0
415.0,130.0,76.0,63.0
373.0,184.0,59.0,86.0
345.0,323.0,41.0,86.0
348.0,419.0,68.0,92.0
401.0,507.0,76.0,69.0
476.0,516.0,70.0,81.0
526.0,548.0,70.0,61.0
601.0,548.0,46.0,79.0
656.0,587.0,71.0,56.0
703.0,611.0,64.0,52.0
749.0,630.0,66.0,52.0
804.0,648.0,42.0,43.0
822.0,654.0,38.0,41.0
823.0,645.0,35.0,41.0
809.0,629.0,34.0,40.0
789.0,616.0,31.0,41.0
758.0,605.0,36.0,31.0
726.0,592.0,26.0,30.0
676.0,575.0,40.0,29.0
637.0,564.0,40.0,29.0
594.0,557.0,45.0,28.0
545.0,551.0,45.0,28.0
506.0,547.0,46.0,29.0
455.0,546.0,53.0,33.0
405.0,549.0,55.0,35.0
360.0,543.0,49.0,37.0
328.0,531.0,48.0,36.0
299.0,500.0,41.0,40.0
282.0,468.0,41.0,40.0
284.0,421.0,37.0,39.0
292.0,376.0,43.0,53.0
309.0,332.0,41.0,46.0
337.0,296.0,43.0,49.0
366.0,278.0,44.0,40.0
406.0,273.0,44.0,32.0
429.0,280.0,35.0,33.0
440.0,289.0,36.0,34.0
456.0,315.0,31.0,31.0
462.0,326.0,33.0,37.0
461.0,328.0,34.0,40.0
463.0,318.0,32.0,34.0
467.0,273.0,33.0,43.0
480.0,229.0,36.0,31.0
486.0,143.0,32.0,52.0
487.0,69.0,26.0,53.0
486.0,7.0,28.0,57.0
0
0
0
0
0
0
0
0
0
0
547.0,4.0,30.0,62.0
540.0,71.0,34.0,66.0
528.0,124.0,27.0,44.0
496.0,182.0,33.0,29.0
486.0,198.0,32.0,37.0
481.0,218.0,35.0,39.0
479.0,247.0,34.0,32.0
483.0,270.0,32.0,38.0
492.0,296.0,29.0,23.0
505.0,296.0,24.0,24.0
511.0,260.0,34.0,33.0
520.0,201.0,34.0,65.0
529.0,143.0,27.0,50.0
531.0,72.0,30.0,73.0
533.0,21.0,30.0,73.0
532.0,1.0,32.0,26.0
0
0
0
0
0
0
0
558.0,1.0,30.0,34.0
549.0,33.0,39.0,67.0
535.0,97.0,47.0,67.0
514.0,171.0,42.0,61.0
476.0,220.0,46.0,51.0
455.0,261.0,35.0,33.0
438.0,273.0,36.0,34.0
422.0,286.0,36.0,34.0
412.0,311.0,36.0,34.0
402.0,334.0,36.0,34.0
398.0,357.0,38.0,30.0
402.0,376.0,36.0,35.0
407.0,393.0,36.0,38.0
417.0,415.0,36.0,35.0
434.0,418.0,34.0,34.0
445.0,417.0,33.0,33.0
480.0,415.0,41.0,33.0
532.0,403.0,47.0,33.0
555.0,368.0,37.0,35.0
594.0,342.0,36.0,34.0
626.0,314.0,35.0,34.0
655.0,287.0,37.0,42.0
678.0,268.0,35.0,40.0
702.0,255.0,35.0,41.0
723.0,256.0,37.0,30.0
738.0,250.0,35.0,29.0
749.0,254.0,36.0,27.0
758.0,260.0,35.0,31.0
759.0,274.0,35.0,32.0
751.0,290.0,35.0,37.0
731.0,317.0,38.0,34.0
707.0,334.0,38.0,35.0
688.0,333.0,37.0,34.0
662.0,311.0,36.0,32.0
660.0,263.0,34.0,42.0
672.0,227.0,34.0,49.0
685.0,208.0,36.0,43.0
703.0,203.0,30.0,29.0
714.0,198.0,36.0,31.0
723.0,199.0,42.0,38.0
735.0,210.0,39.0,40.0
742.0,228.0,35.0,40.0
748.0,252.0,32.0,42.0
747.0,288.0,33.0,41.0
730.0,309.0,38.0,40.0
719.0,338.0,34.0,35.0
707.0,345.0,36.0,36.0
703.0,348.0,34.0,35.0
702.0,348.0,35.0,36.0
708.0,349.0,35.0,35.0
716.0,346.0,36.0,35.0
727.0,344.0,35.0,35.0
736.0,343.0,34.0,34.0
743.0,343.0,36.0,34.0
750.0,343.0,36.0,34.0
755.0,347.0,36.0,34.0
760.0,351.0,40.0,34.0
765.0,359.0,37.0,34.0
768.0,362.0,38.0,36.0
771.0,361.0,38.0,37.0
776.0,358.0,37.0,37.0
782.0,354.0,37.0,37.0
789.0,352.0,38.0,35.0
797.0,351.0,38.0,35.0
806.0,350.0,37.0,35.0
813.0,353.0,37.0,36.0
818.0,359.0,38.0,35.0
823.0,365.0,38.0,36.0
824.0,373.0,40.0,36.0
825.0,387.0,35.0,36.0
823.0,402.0,33.0,38.0
805.0,425.0,29.0,31.0
775.0,443.0,28.0,30.0
713.0,462.0,40.0,30.0
645.0,457.0,67.0,44.0
588.0,435.0,61.0,37.0
542.0,377.0,58.0,42.0
530.0,332.0,40.0,46.0
531.0,272.0,35.0,63.0
535.0,255.0,39.0,49.0
542.0,234.0,34.0,35.0
557.0,224.0,29.0,29.0
569.0,223.0,29.0,27.0
580.0,228.0,31.0,29.0
586.0,241.0,35.0,33.0
603.0,257.0,24.0,29.0
0
596.0,327.0,29.0,33.0
573.0,359.0,29.0,34.0
535.0,360.0,45.0,33.0
510.0,339.0,37.0,41.0
496.0,302.0,35.0,43.0
500.0,269.0,30.0,37.0
511.0,239.0,36.0,32.0
529.0,222.0,34.0,32.0
554.0,213.0,31.0,27.0
579.0,213.0,30.0,29.0
602.0,223.0,32.0,29.0
623.0,243.0,33.0,33.0
637.0,271.0,32.0,32.0
637.0,325.0,32.0,32.0
597.0,362.0,35.0,33.0
543.0,356.0,56.0,35.0
519.0,315.0,44.0,53.0
519.0,269.0,44.0,53.0
531.0,239.0,33.0,51.0
557.0,218.0,34.0,29.0
584.0,207.0,27.0,26.0
611.0,207.0,24.0,26.0
628.0,214.0,37.0,37.0
645.0,235.0,32.0,42.0
0
633.0,324.0,33.0,43.0
594.0,340.0,34.0,29.0
566.0,335.0,28.0,28.0
549.0,292.0,34.0,46.0
544.0,258.0,35.0,37.0
550.0,220.0,29.0,38.0
562.0,200.0,32.0,33.0
582.0,191.0,31.0,29.0
603.0,190.0,33.0,29.0
620.0,203.0,36.0,31.0
634.0,223.0,35.0,35.0
650.0,257.0,30.0,43.0
629.0,313.0,46.0,34.0
602.0,354.0,39.0,36.0
562.0,367.0,40.0,28.0
516.0,342.0,40.0,39.0
503.0,302.0,39.0,38.0
512.0,254.0,33.0,41.0
527.0,227.0,30.0,33.0
548.0,214.0,31.0,29.0
575.0,212.0,29.0,24.0
599.0,219.0,26.0,25.0
618.0,238.0,29.0,28.0
632.0,264.0,28.0,27.0
0
594.0,332.0,40.0,42.0
545.0,349.0,44.0,37.0
521.0,319.0,41.0,47.0
508.0,287.0,41.0,47.0
510.0,244.0,35.0,32.0
528.0,220.0,34.0,29.0
553.0,201.0,32.0,28.0
581.0,196.0,29.0,27.0
609.0,202.0,31.0,32.0
631.0,220.0,34.0,38.0
648.0,255.0,36.0,42.0
656.0,290.0,32.0,49.0
631.0,332.0,40.0,49.0
588.0,361.0,60.0,42.0
543.0,368.0,58.0,38.0
514.0,332.0,47.0,45.0
505.0,296.0,36.0,47.0
509.0,260.0,31.0,46.0
516.0,245.0,30.0,29.0
529.0,223.0,33.0,32.0
542.0,216.0,33.0,29.0
560.0,219.0,30.0,25.0
574.0,228.0,32.0,26.0
589.0,244.0,31.0,31.0
607.0,270.0,24.0,30.0
596.0,327.0,29.0,9.0
593.0,337.0,32.0,34.0
566.0,365.0,37.0,28.0
514.0,366.0,36.0,28.0
496.0,333.0,33.0,31.0
484.0,302.0,34.0,34.0
488.0,271.0,32.0,31.0
495.0,255.0,35.0,31.0
513.0,244.0,33.0,29.0
534.0,244.0,36.0,29.0
546.0,251.0,38.0,30.0
558.0,274.0,39.0,51.0
586.0,301.0,39.0,58.0
585.0,345.0,38.0,46.0
533.0,398.0,60.0,34.0
515.0,398.0,59.0,33.0
479.0,365.0,31.0,45.0
474.0,327.0,29.0,40.0
480.0,292.0,34.0,44.0
495.0,264.0,35.0,31.0
516.0,247.0,28.0,30.0
535.0,239.0,31.0,30.0
558.0,241.0,33.0,35.0
576.0,250.0,34.0,39.0
579.0,260.0,35.0,43.0
599.0,305.0,35.0,16.0
593.0,335.0,32.0,44.0
568.0,365.0,40.0,34.0
521.0,363.0,42.0,39.0
499.0,323.0,46.0,54.0
499.0,298.0,33.0,45.0
511.0,261.0,32.0,44.0
527.0,237.0,38.0,37.0
559.0,232.0,29.0,31.0
585.0,235.0,37.0,35.0
612.0,245.0,45.0,42.0
633.0,273.0,41.0,50.0
652.0,326.0,30.0,47.0
632.0,349.0,50.0,65.0
596.0,379.0,48.0,62.0
525.0,404.0,49.0,34.0
511.0,365.0,41.0,40.0
510.0,316.0,29.0,53.0
516.0,277.0,30.0,42.0
529.0,255.0,46.0,43.0
552.0,242.0,44.0,43.0
575.0,240.0,37.0,40.0
600.0,241.0,33.0,37.0
627.0,261.0,31.0,39.0
636.0,278.0,30.0,38.0
636.0,337.0,35.0,36.0
621.0,365.0,36.0,39.0
580.0,382.0,30.0,34.0
544.0,363.0,43.0,29.0
529.0,332.0,33.0,43.0
527.0,287.0,36.0,48.0
533.0,251.0,41.0,46.0
556.0,239.0,35.0,43.0
577.0,230.0,33.0,34.0
605.0,233.0,30.0,31.0
624.0,239.0,41.0,44.0
639.0,272.0,37.0,37.0
655.0,312.0,33.0,45.0
620.0,344.0,52.0,54.0
590.0,372.0,55.0,40.0
536.0,360.0,40.0,49.0
502.0,319.0,41.0,56.0
494.0,283.0,35.0,56.0
506.0,259.0,32.0,36.0
519.0,223.0,33.0,35.0
541.0,214.0,31.0,31.0
563.0,209.0,26.0,31.0
584.0,217.0,27.0,28.0
600.0,231.0,31.0,36.0
617.0,264.0,33.0,39.0
618.0,279.0,36.0,30.0
603.0,332.0,30.0,30.0
572.0,360.0,37.0,31.0
528.0,355.0,41.0,35.0
503.0,330.0,45.0,40.0
493.0,292.0,38.0,42.0
495.0,250.0,32.0,42.0
502.0,238.0,32.0,31.0
511.0,223.0,37.0,26.0
528.0,211.0,34.0,30.0
546.0,212.0,34.0,29.0
566.0,223.0,30.0,31.0
576.0,237.0,45.0,50.0
596.0,269.0,39.0,53.0
606.0,317.0,35.0,48.0
592.0,346.0,38.0,51.0
550.0,375.0,46.0,53.0
495.0,373.0,61.0,56.0
474.0,333.0,38.0,63.0
470.0,277.0,39.0,63.0
485.0,241.0,44.0,54.0
517.0,221.0,41.0,43.0
544.0,216.0,44.0,31.0
577.0,223.0,42.0,29.0
608.0,240.0,39.0,34.0
627.0,272.0,32.0,35.0
0
595.0,348.0,37.0,36.0
560.0,364.0,34.0,35.0
515.0,351.0,46.0,34.0
503.0,317.0,40.0,41.0
503.0,276.0,37.0,36.0
514.0,236.0,38.0,50.0
529.0,220.0,43.0,40.0
553.0,204.0,39.0,37.0
580.0,205.0,35.0,35.0
603.0,219.0,44.0,39.0
628.0,237.0,33.0,36.0
646.0,276.0,42.0,44.0
660.0,314.0,30.0,44.0
634.0,347.0,52.0,58.0
607.0,394.0,36.0,46.0
538.0,399.0,55.0,36.0
507.0,365.0,57.0,41.0
499.0,318.0,33.0,55.0
501.0,294.0,32.0,54.0
511.0,254.0,34.0,36.0
527.0,233.0,34.0,33.0
546.0,222.0,34.0,31.0
568.0,222.0,37.0,28.0
589.0,228.0,34.0,29.0
613.0,250.0,33.0,30.0
620.0,261.0,34.0,31.0
613.0,318.0,32.0,25.0
592.0,336.0,37.0,38.0
565.0,364.0,36.0,29.0
520.0,353.0,43.0,33.0
493.0,317.0,46.0,42.0
494.0,272.0,36.0,44.0
503.0,249.0,33.0,42.0
515.0,220.0,37.0,39.0
534.0,205.0,35.0,36.0
553.0,206.0,36.0,32.0
572.0,211.0,38.0,31.0
595.0,221.0,39.0,37.0
612.0,246.0,43.0,42.0
624.0,278.0,38.0,43.0
619.0,325.0,40.0,61.0
584.0,359.0,50.0,53.0
527.0,387.0,43.0,43.0
488.0,351.0,47.0,42.0
473.0,312.0,41.0,45.0
481.0,270.0,33.0,44.0
491.0,245.0,38.0,48.0
510.0,224.0,34.0,39.0
533.0,216.0,37.0,33.0
553.0,216.0,35.0,31.0
571.0,226.0,36.0,33.0
583.0,249.0,42.0,35.0
600.0,272.0,38.0,32.0
590.0,323.0,36.0,32.0
581.0,344.0,37.0,37.0
527.0,362.0,59.0,31.0
495.0,345.0,51.0,40.0
466.0,303.0,46.0,46.0
477.0,260.0,41.0,46.0
499.0,237.0,46.0,45.0
522.0,221.0,48.0,38.0
555.0,219.0,46.0,32.0
591.0,229.0,36.0,41.0
615.0,243.0,42.0,44.0
628.0,276.0,39.0,48.0
624.0,316.0,44.0,51.0
596.0,357.0,52.0,44.0
545.0,371.0,62.0,36.0
509.0,358.0,50.0,38.0
495.0,328.0,46.0,42.0
487.0,271.0,36.0,49.0
496.0,244.0,43.0,48.0
509.0,223.0,42.0,35.0
527.0,205.0,40.0,36.0
549.0,202.0,39.0,31.0
568.0,204.0,38.0,30.0
586.0,214.0,35.0,34.0
600.0,232.0,37.0,39.0
607.0,259.0,37.0,40.0
594.0,316.0,32.0,22.0
586.0,331.0,34.0,30.0
558.0,353.0,36.0,37.0
513.0,355.0,48.0,32.0
494.0,329.0,33.0,43.0
477.0,291.0,36.0,49.0
477.0,253.0,39.0,42.0
488.0,222.0,40.0,37.0
505.0,200.0,42.0,33.0
527.0,191.0,43.0,32.0
559.0,193.0,35.0,40.0
591.0,212.0,32.0,38.0
616.0,239.0,40.0,50.0
631.0,277.0,36.0,43.0
628.0,331.0,35.0,45.0
609.0,375.0,32.0,41.0
564.0,392.0,30.0,41.0
506.0,375.0,39.0,44.0
487.0,336.0,45.0,50.0
478.0,294.0,36.0,49.0
482.0,265.0,35.0,41.0
494.0,238.0,34.0,36.0
504.0,223.0,37.0,33.0
521.0,214.0,35.0,27.0
537.0,214.0,35.0,28.0
555.0,221.0,32.0,31.0
566.0,233.0,42.0,60.0
576.0,255.0,42.0,41.0
0
576.0,339.0,35.0,29.0
548.0,366.0,41.0,38.0
511.0,383.0,42.0,39.0
464.0,356.0,44.0,42.0
449.0,308.0,43.0,41.0
442.0,277.0,42.0,40.0
453.0,248.0,39.0,40.0
472.0,226.0,33.0,38.0
491.0,216.0,35.0,33.0
511.0,212.0,38.0,31.0
535.0,220.0,39.0,30.0
555.0,240.0,40.0,30.0
574.0,269.0,38.0,34.0
589.0,308.0,33.0,38.0
572.0,337.0,38.0,42.0
539.0,375.0,45.0,36.0
484.0,374.0,43.0,35.0
455.0,352.0,42.0,37.0
448.0,309.0,41.0,36.0
456.0,271.0,38.0,35.0
469.0,255.0,38.0,38.0
487.0,232.0,41.0,41.0
509.0,225.0,46.0,33.0
537.0,227.0,38.0,34.0
560.0,238.0,35.0,34.0
576.0,256.0,38.0,34.0
596.0,282.0,32.0,33.0
601.0,336.0,23.0,25.0
571.0,366.0,32.0,27.0
532.0,372.0,35.0,27.0
489.0,355.0,45.0,35.0
473.0,320.0,42.0,40.0
470.0,282.0,37.0,41.0
479.0,260.0,37.0,41.0
495.0,236.0,35.0,36.0
512.0,221.0,40.0,36.0
540.0,218.0,36.0,32.0
565.0,225.0,35.0,34.0
585.0,243.0,44.0,44.0
611.0,276.0,43.0,43.0
619.0,318.0,36.0,35.0
598.0,335.0,40.0,60.0
563.0,380.0,40.0,41.0
521.0,383.0,43.0,40.0
485.0,343.0,45.0,42.0
469.0,300.0,45.0,42.0
486.0,258.0,35.0,48.0
511.0,235.0,38.0,38.0
530.0,221.0,42.0,35.0
561.0,220.0,39.0,28.0
590.0,227.0,37.0,34.0
611.0,254.0,39.0,36.0
0
597.0,327.0,39.0,39.0
563.0,343.0,45.0,39.0
517.0,352.0,49.0,27.0
493.0,329.0,33.0,26.0
479.0,286.0,33.0,35.0
478.0,245.0,37.0,41.0
488.0,221.0,33.0,36.0
502.0,207.0,39.0,30.0
527.0,199.0,34.0,28.0
545.0,200.0,35.0,31.0
571.0,215.0,38.0,34.0
588.0,234.0,39.0,49.0
606.0,271.0,45.0,49.0
602.0,306.0,42.0,58.0
576.0,342.0,53.0,60.0
522.0,376.0,48.0,60.0
478.0,374.0,50.0,44.0
455.0,324.0,47.0,61.0
444.0,302.0,39.0,45.0
446.0,264.0,36.0,40.0
453.0,237.0,42.0,36.0
468.0,219.0,43.0,37.0
484.0,210.0,38.0,32.0
502.0,208.0,40.0,34.0
518.0,217.0,41.0,35.0
537.0,234.0,40.0,39.0
549.0,255.0,40.0,39.0
0
548.0,324.0,39.0,38.0
510.0,355.0,36.0,32.0
449.0,360.0,53.0,46.0
416.0,321.0,51.0,51.0
403.0,284.0,51.0,51.0
398.0,235.0,45.0,53.0
413.0,203.0,48.0,45.0
433.0,182.0,49.0,37.0
456.0,166.0,47.0,38.0
483.0,160.0,50.0,34.0
512.0,160.0,47.0,42.0
535.0,168.0,44.0,47.0
558.0,184.0,45.0,53.0
582.0,212.0,44.0,55.0
605.0,250.0,45.0,61.0
614.0,292.0,44.0,60.0
633.0,341.0,36.0,57.0
625.0,381.0,41.0,59.0
616.0,422.0,41.0,44.0
604.0,447.0,43.0,42.0
601.0,461.0,35.0,35.0
604.0,451.0,38.0,36.0
613.0,439.0,38.0,36.0
621.0,427.0,39.0,35.0
624.0,401.0,38.0,38.0
620.0,371.0,37.0,42.0
610.0,348.0,37.0,42.0
594.0,329.0,39.0,40.0
579.0,318.0,37.0,40.0
563.0,317.0,37.0,37.0
550.0,322.0,35.0,38.0
542.0,338.0,33.0,35.0
536.0,359.0,35.0,36.0
540.0,398.0,30.0,29.0
553.0,424.0,30.0,29.0
575.0,433.0,27.0,29.0
591.0,432.0,31.0,34.0
605.0,408.0,36.0,39.0
612.0,385.0,35.0,38.0
613.0,360.0,34.0,38.0
611.0,341.0,34.0,38.0
602.0,316.0,36.0,37.0
591.0,304.0,39.0,36.0
579.0,296.0,38.0,36.0
564.0,293.0,38.0,34.0
550.0,294.0,39.0,35.0
539.0,297.0,33.0,40.0
525.0,319.0,36.0,29.0
512.0,340.0,34.0,27.0
496.0,357.0,36.0,31.0
481.0,368.0,33.0,38.0
467.0,384.0,41.0,34.0
448.0,404.0,37.0,33.0
437.0,412.0,37.0,35.0
431.0,418.0,34.0,38.0
421.0,428.0,29.0,38.0
414.0,431.0,34.0,37.0
403.0,427.0,41.0,39.0
393.0,412.0,40.0,30.0
394.0,398.0,34.0,30.0
391.0,391.0,35.0,33.0
392.0,383.0,36.0,30.0
398.0,367.0,34.0,30.0
408.0,346.0,36.0,25.0
418.0,331.0,35.0,24.0
445.0,302.0,33.0,23.0
464.0,258.0,37.0,37.0
504.0,218.0,40.0,40.0
540.0,211.0,38.0,32.0
553.0,206.0,38.0,34.0
572.0,223.0,34.0,35.0
0
0
0
0
591.0,358.0,26.0,31.0
575.0,365.0,32.0,32.0
539.0,344.0,33.0,32.0
506.0,288.0,41.0,50.0
492.0,220.0,34.0,55.0
505.0,147.0,38.0,59.0
536.0,98.0,51.0,56.0
582.0,82.0,78.0,42.0
653.0,100.0,44.0,42.0
668.0,119.0,37.0,37.0
658.0,123.0,41.0,39.0
624.0,125.0,43.0,42.0
521.0,134.0,84.0,52.0
430.0,178.0,88.0,113.0
400.0,303.0,48.0,117.0
426.0,430.0,97.0,119.0
471.0,505.0,98.0,71.0
551.0,535.0,90.0,59.0
580.0,504.0,97.0,70.0
720.0,504.0,48.0,70.0
774.0,520.0,72.0,53.0
847.0,542.0,72.0,41.0
899.0,546.0,74.0,42.0
950.0,560.0,63.0,39.0
949.0,549.0,63.0,39.0
951.0,532.0,41.0,39.0
925.0,518.0,46.0,39.0
882.0,502.0,45.0,34.0
843.0,497.0,42.0,31.0
801.0,491.0,47.0,34.0
753.0,487.0,48.0,34.0
700.0,490.0,49.0,38.0
650.0,502.0,48.0,37.0
603.0,515.0,48.0,37.0
554.0,532.0,47.0,36.0
496.0,543.0,48.0,47.0
440.0,565.0,43.0,43.0
369.0,550.0,65.0,43.0
324.0,527.0,65.0,44.0
297.0,473.0,44.0,47.0
296.0,405.0,42.0,52.0
319.0,340.0,42.0,53.0
356.0,268.0,74.0,53.0
389.0,226.0,78.0,51.0
457.0,195.0,72.0,46.0
520.0,171.0,66.0,45.0
563.0,159.0,62.0,45.0
623.0,159.0,52.0,45.0
668.0,180.0,51.0,43.0
707.0,196.0,52.0,44.0
743.0,219.0,54.0,53.0
767.0,245.0,54.0,56.0
790.0,289.0,61.0,67.0
812.0,329.0,37.0,74.0
814.0,372.0,35.0,74.0
811.0,429.0,35.0,60.0
761.0,474.0,57.0,52.0
731.0,517.0,57.0,52.0
683.0,541.0,60.0,38.0
637.0,548.0,60.0,39.0
571.0,548.0,62.0,39.0
523.0,513.0,62.0,47.0
495.0,486.0,56.0,48.0
474.0,443.0,55.0,47.0
455.0,399.0,47.0,47.0
454.0,358.0,44.0,49.0
461.0,315.0,44.0,49.0
469.0,291.0,41.0,50.0
487.0,273.0,42.0,38.0
509.0,263.0,40.0,34.0
529.0,262.0,34.0,40.0
550.0,278.0,33.0,38.0
559.0,310.0,35.0,35.0
560.0,337.0,33.0,34.0
543.0,369.0,36.0,33.0
510.0,367.0,35.0,39.0
484.0,351.0,41.0,36.0
461.0,314.0,40.0,35.0
458.0,275.0,40.0,35.0
464.0,241.0,38.0,51.0
481.0,208.0,41.0,51.0
510.0,197.0,38.0,37.0
530.0,197.0,40.0,42.0
546.0,221.0,38.0,42.0
551.0,250.0,39.0,41.0
557.0,276.0,32.0,46.0
542.0,318.0,38.0,38.0
540.0,338.0,33.0,38.0
538.0,342.0,37.0,39.0
541.0,335.0,31.0,37.0
541.0,299.0,35.0,39.0
523.0,252.0,47.0,47.0
510.0,238.0,42.0,45.0
485.0,221.0,38.0,32.0
464.0,231.0,34.0,28.0
446.0,245.0,36.0,35.0
430.0,263.0,43.0,48.0
427.0,285.0,42.0,47.0
436.0,322.0,38.0,49.0
445.0,359.0,36.0,56.0
450.0,399.0,44.0,39.0
456.0,405.0,53.0,42.0
510.0,404.0,41.0,42.0
533.0,400.0,39.0,37.0
574.0,374.0,38.0,36.0
603.0,351.0,38.0,40.0
625.0,330.0,38.0,42.0
660.0,302.0,40.0,45.0
681.0,283.0,40.0,46.0
701.0,272.0,35.0,44.0
720.0,267.0,34.0,39.0
737.0,267.0,32.0,37.0
749.0,271.0,32.0,37.0
753.0,281.0,33.0,38.0
752.0,296.0,33.0,39.0
740.0,316.0,35.0,35.0
721.0,334.0,38.0,35.0
689.0,337.0,32.0,36.0
671.0,316.0,34.0,36.0
674.0,266.0,34.0,42.0
693.0,235.0,28.0,40.0
715.0,225.0,33.0,37.0
729.0,226.0,37.0,31.0
741.0,237.0,35.0,34.0
744.0,270.0,33.0,36.0
739.0,301.0,35.0,36.0
727.0,322.0,36.0,37.0
710.0,360.0,34.0,28.0
697.0,383.0,32.0,29.0
688.0,398.0,29.0,32.0
688.0,409.0,33.0,32.0
699.0,411.0,30.0,36.0
723.0,411.0,27.0,38.0
748.0,399.0,30.0,35.0
767.0,350.0,33.0,51.0
768.0,305.0,34.0,50.0
755.0,263.0,39.0,54.0
734.0,234.0,40.0,43.0
709.0,204.0,41.0,30.0
683.0,188.0,43.0,31.0
664.0,181.0,41.0,29.0
634.0,184.0,33.0,25.0
606.0,190.0,29.0,30.0
571.0,196.0,38.0,41.0
553.0,216.0,38.0,41.0
539.0,245.0,39.0,43.0
529.0,286.0,36.0,40.0
529.0,320.0,32.0,37.0
531.0,351.0,32.0,36.0
538.0,384.0,31.0,40.0
547.0,413.0,36.0,44.0
572.0,421.0,32.0,36.0
584.0,413.0,31.0,32.0
593.0,379.0,30.0,31.0
589.0,348.0,33.0,36.0
582.0,314.0,33.0,40.0
573.0,280.0,30.0,42.0
550.0,257.0,34.0,37.0
539.0,253.0,33.0,35.0
528.0,255.0,33.0,34.0
517.0,258.0,34.0,40.0
508.0,268.0,36.0,46.0
507.0,297.0,38.0,31.0
516.0,315.0,36.0,30.0
530.0,331.0,34.0,37.0
546.0,340.0,32.0,33.0
559.0,341.0,32.0,36.0
569.0,335.0,35.0,38.0
576.0,326.0,36.0,37.0
581.0,315.0,36.0,38.0
585.0,306.0,35.0,37.0
586.0,297.0,35.0,37.0
586.0,290.0,34.0,36.0
586.0,280.0,34.0,36.0
585.0,273.0,34.0,36.0
585.0,269.0,34.0,36.0
587.0,267.0,34.0,35.0
591.0,264.0,34.0,34.0
597.0,259.0,34.0,35.0
602.0,254.0,35.0,34.0
609.0,247.0,34.0,35.0
614.0,238.0,34.0,35.0
618.0,225.0,34.0,36.0
622.0,218.0,33.0,35.0
620.0,218.0,33.0,35.0
615.0,224.0,34.0,34.0
611.0,231.0,33.0,34.0
609.0,232.0,33.0,34.0
606.0,230.0,34.0,34.0
600.0,224.0,34.0,33.0
590.0,218.0,34.0,33.0
581.0,215.0,34.0,32.0
572.0,214.0,33.0,32.0
565.0,216.0,31.0,32.0
557.0,221.0,34.0,32.0
553.0,229.0,33.0,31.0
549.0,239.0,33.0,32.0
548.0,247.0,32.0,34.0
548.0,255.0,32.0,34.0
548.0,269.0,32.0,34.0
547.0,285.0,33.0,34.0
551.0,305.0,31.0,34.0
551.0,321.0,31.0,32.0
553.0,329.0,30.0,31.0
556.0,339.0,29.0,27.0
558.0,350.0,30.0,29.0
561.0,359.0,31.0,29.0
566.0,367.0,30.0,29.0
573.0,369.0,30.0,31.0
577.0,370.0,33.0,32.0
582.0,371.0,34.0,33.0
588.0,371.0,34.0,33.0
592.0,372.0,35.0,33.0
597.0,372.0,34.0,33.0
601.0,370.0,34.0,33.0
602.0,367.0,34.0,33.0
604.0,362.0,33.0,33.0
604.0,358.0,33.0,33.0
603.0,356.0,33.0,33.0
602.0,356.0,33.0,33.0
600.0,359.0,34.0,34.0
599.0,366.0,33.0,35.0
597.0,377.0,33.0,35.0
596.0,392.0,32.0,34.0
594.0,407.0,32.0,34.0
593.0,407.0,32.0,33.0
593.0,393.0,32.0,33.0
596.0,371.0,32.0,33.0
596.0,345.0,32.0,33.0
597.0,319.0,32.0,33.0
599.0,301.0,32.0,31.0
600.0,290.0,32.0,34.0
601.0,288.0,32.0,33.0
602.0,292.0,32.0,33.0
602.0,307.0,32.0,33.0
600.0,332.0,33.0,35.0
600.0,362.0,32.0,30.0
607.0,385.0,32.0,32.0
612.0,398.0,35.0,35.0
621.0,413.0,32.0,33.0
626.0,425.0,31.0,32.0
629.0,435.0,30.0,30.0
627.0,440.0,30.0,30.0
623.0,441.0,30.0,30.0
617.0,440.0,30.0,29.0
609.0,431.0,30.0,29.0
601.0,413.0,29.0,29.0
593.0,386.0,27.0,27.0
581.0,356.0,28.0,28.0
569.0,329.0,29.0,29.0
559.0,314.0,28.0,27.0
549.0,293.0,27.0,26.0
538.0,286.0,27.0,26.0
525.0,286.0,27.0,26.0
512.0,291.0,28.0,28.0
505.0,300.0,27.0,27.0
493.0,319.0,27.0,26.0
483.0,343.0,30.0,27.0
478.0,372.0,30.0,25.0
473.0,407.0,31.0,28.0
473.0,415.0,31.0,28.0
478.0,433.0,35.0,33.0
483.0,433.0,35.0,33.0
491.0,424.0,36.0,35.0
492.0,419.0,35.0,34.0
515.0,383.0,31.0,34.0
537.0,361.0,25.0,31.0
557.0,342.0,26.0,29.0
577.0,329.0,28.0,28.0
598.0,318.0,28.0,29.0
622.0,313.0,29.0,35.0
643.0,312.0,30.0,39.0
663.0,313.0,34.0,45.0
681.0,334.0,37.0,41.0
685.0,365.0,33.0,33.0
685.0,397.0,26.0,22.0
661.0,414.0,28.0,33.0
630.0,431.0,28.0,33.0
605.0,419.0,31.0,34.0
584.0,391.0,34.0,40.0
572.0,360.0,33.0,39.0
568.0,332.0,30.0,39.0
565.0,306.0,30.0,40.0
564.0,295.0,29.0,36.0
566.0,291.0,31.0,33.0
570.0,290.0,31.0,31.0
574.0,294.0,32.0,32.0
578.0,305.0,32.0,32.0
584.0,320.0,31.0,32.0
588.0,338.0,31.0,32.0
599.0,366.0,31.0,33.0
608.0,385.0,31.0,34.0
614.0,406.0,34.0,35.0
618.0,431.0,34.0,31.0
621.0,439.0,31.0,29.0
617.0,437.0,31.0,29.0
606.0,426.0,31.0,29.0
594.0,407.0,32.0,31.0
581.0,385.0,32.0,33.0
569.0,358.0,32.0,33.0
560.0,326.0,32.0,33.0
555.0,288.0,33.0,34.0
551.0,267.0,33.0,34.0
547.0,247.0,33.0,34.0
546.0,223.0,33.0,33.0
548.0,203.0,35.0,33.0
553.0,190.0,32.0,30.0
557.0,177.0,33.0,35.0
562.0,174.0,35.0,33.0
571.0,173.0,34.0,32.0
582.0,176.0,36.0,33.0
596.0,182.0,41.0,47.0
612.0,199.0,46.0,53.0
630.0,226.0,43.0,52.0
662.0,271.0,43.0,55.0
670.0,328.0,37.0,33.0
676.0,342.0,33.0,33.0
675.0,354.0,38.0,35.0
674.0,367.0,38.0,35.0
674.0,382.0,36.0,38.0
673.0,394.0,38.0,36.0
671.0,399.0,37.0,37.0
666.0,402.0,37.0,38.0
657.0,410.0,34.0,35.0
648.0,414.0,34.0,33.0
638.0,416.0,34.0,32.0
632.0,416.0,33.0,31.0
628.0,412.0,32.0,31.0
625.0,398.0,31.0,31.0
623.0,377.0,30.0,30.0
620.0,342.0,31.0,31.0
615.0,313.0,32.0,32.0
615.0,271.0,29.0,39.0
613.0,249.0,29.0,41.0
612.0,238.0,30.0,38.0
613.0,233.0,31.0,35.0
616.0,234.0,31.0,33.0
621.0,238.0,30.0,32.0
625.0,254.0,33.0,34.0
628.0,270.0,33.0,34.0
631.0,293.0,34.0,35.0
636.0,312.0,35.0,34.0
640.0,326.0,33.0,35.0
643.0,340.0,32.0,37.0
645.0,357.0,31.0,37.0
645.0,376.0,30.0,30.0
641.0,389.0,32.0,32.0
633.0,401.0,33.0,33.0
622.0,415.0,34.0,35.0
609.0,429.0,33.0,36.0
594.0,441.0,34.0,39.0
575.0,449.0,35.0,41.0
562.0,456.0,31.0,32.0
537.0,454.0,31.0,27.0
512.0,442.0,32.0,28.0
500.0,423.0,48.0,29.0
479.0,397.0,41.0,29.0
479.0,371.0,34.0,28.0
481.0,353.0,37.0,30.0
489.0,333.0,37.0,31.0
498.0,326.0,41.0,27.0
514.0,322.0,40.0,28.0
530.0,325.0,41.0,28.0
542.0,331.0,41.0,36.0
555.0,346.0,30.0,32.0
556.0,359.0,30.0,32.0
555.0,366.0,30.0,32.0
551.0,370.0,28.0,34.0
547.0,372.0,30.0,34.0
543.0,373.0,35.0,34.0
540.0,372.0,36.0,34.0
536.0,371.0,39.0,34.0
534.0,369.0,39.0,35.0
532.0,368.0,38.0,35.0
531.0,369.0,39.0,35.0
530.0,370.0,40.0,35.0
530.0,369.0,39.0,35.0
531.0,368.0,39.0,35.0
528.0,368.0,40.0,35.0
525.0,369.0,40.0,35.0
521.0,371.0,40.0,36.0
518.0,375.0,37.0,35.0
513.0,379.0,37.0,35.0
510.0,386.0,35.0,35.0
506.0,394.0,36.0,37.0
504.0,401.0,35.0,39.0
504.0,408.0,36.0,36.0
505.0,403.0,36.0,37.0
510.0,395.0,36.0,35.0
516.0,380.0,36.0,34.0
521.0,360.0,36.0,34.0
525.0,344.0,37.0,34.0
531.0,336.0,35.0,31.0
536.0,329.0,32.0,33.0
541.0,328.0,36.0,35.0
547.0,335.0,40.0,33.0
552.0,353.0,32.0,31.0
560.0,376.0,25.0,26.0
571.0,413.0,24.0,25.0
570.0,437.0,29.0,35.0
579.0,470.0,29.0,40.0
590.0,491.0,34.0,45.0
605.0,502.0,34.0,45.0
622.0,505.0,37.0,54.0
648.0,529.0,34.0,36.0
663.0,522.0,40.0,43.0
674.0,515.0,38.0,44.0
684.0,508.0,43.0,44.0
689.0,503.0,39.0,42.0
689.0,492.0,38.0,41.0
681.0,476.0,42.0,41.0
670.0,457.0,40.0,43.0
656.0,435.0,40.0,43.0
644.0,404.0,38.0,47.0
631.0,376.0,39.0,46.0
622.0,348.0,37.0,47.0
614.0,324.0,38.0,47.0
607.0,297.0,38.0,43.0
605.0,278.0,36.0,43.0
608.0,266.0,34.0,34.0
611.0,261.0,35.0,35.0
615.0,261.0,35.0,36.0
620.0,265.0,39.0,42.0
631.0,279.0,37.0,44.0
638.0,298.0,38.0,42.0
645.0,321.0,40.0,42.0
653.0,347.0,41.0,44.0
661.0,375.0,43.0,45.0
670.0,400.0,43.0,44.0
680.0,418.0,41.0,42.0
689.0,429.0,37.0,35.0
692.0,426.0,37.0,36.0
694.0,415.0,35.0,39.0
692.0,400.0,35.0,39.0
688.0,380.0,35.0,39.0
682.0,352.0,36.0,42.0
677.0,329.0,37.0,42.0
671.0,309.0,36.0,40.0
667.0,290.0,34.0,43.0
663.0,272.0,34.0,44.0
659.0,264.0,34.0,40.0
657.0,258.0,35.0,37.0
656.0,255.0,35.0,37.0
657.0,257.0,35.0,37.0
657.0,265.0,35.0,37.0
657.0,278.0,34.0,37.0
651.0,294.0,36.0,36.0
640.0,311.0,38.0,38.0
626.0,321.0,37.0,36.0
617.0,315.0,38.0,38.0
606.0,288.0,35.0,37.0
617.0,245.0,36.0,40.0
631.0,214.0,45.0,44.0
654.0,191.0,43.0,44.0
688.0,185.0,36.0,37.0
714.0,182.0,37.0,33.0
735.0,182.0,46.0,37.0
760.0,192.0,50.0,40.0
792.0,207.0,46.0,36.0
815.0,238.0,38.0,49.0
826.0,271.0,35.0,54.0
818.0,317.0,33.0,50.0
785.0,372.0,42.0,48.0
749.0,415.0,37.0,33.0
695.0,430.0,40.0,35.0
651.0,416.0,44.0,36.0
617.0,381.0,42.0,38.0
606.0,351.0,36.0,36.0
591.0,316.0,33.0,35.0
588.0,294.0,28.0,33.0
584.0,268.0,27.0,30.0
580.0,258.0,30.0,33.0
579.0,256.0,30.0,32.0
579.0,260.0,30.0,32.0
579.0,270.0,29.0,31.0
580.0,287.0,29.0,30.0
581.0,309.0,29.0,29.0
582.0,332.0,28.0,25.0
581.0,359.0,28.0,25.0
583.0,377.0,26.0,39.0
582.0,414.0,24.0,36.0
575.0,426.0,24.0,39.0
562.0,442.0,28.0,32.0
553.0,453.0,30.0,34.0
541.0,458.0,35.0,34.0
531.0,463.0,35.0,30.0
519.0,460.0,34.0,26.0
510.0,451.0,31.0,28.0
496.0,448.0,33.0,26.0
485.0,448.0,34.0,25.0
481.0,426.0,33.0,24.0
480.0,402.0,32.0,23.0
480.0,365.0,34.0,44.0
494.0,317.0,35.0,47.0
513.0,264.0,31.0,52.0
543.0,236.0,34.0,33.0
553.0,223.0,25.0,28.0
558.0,219.0,23.0,25.0
559.0,228.0,22.0,21.0
561.0,247.0,17.0,19.0
0
566.0,245.0,11.0,10.0
536.0,233.0,29.0,24.0
527.0,219.0,25.0,27.0
527.0,164.0,34.0,51.0
555.0,121.0,41.0,51.0
580.0,107.0,68.0,27.0
653.0,118.0,30.0,26.0
658.0,132.0,33.0,34.0
652.0,129.0,33.0,38.0
613.0,124.0,35.0,40.0
513.0,114.0,86.0,51.0
436.0,172.0,79.0,87.0
399.0,313.0,36.0,86.0
397.0,434.0,35.0,85.0
439.0,533.0,90.0,77.0
516.0,586.0,85.0,68.0
601.0,647.0,80.0,69.0
602.0,647.0,80.0,69.0
726.0,677.0,81.0,42.0
809.0,627.0,73.0,58.0
879.0,578.0,89.0,68.0
901.0,577.0,89.0,68.0
958.0,569.0,94.0,62.0
1054.0,560.0,68.0,49.0
1123.0,553.0,42.0,47.0
1152.0,538.0,43.0,44.0
1169.0,527.0,42.0,40.0
1172.0,515.0,46.0,41.0
1172.0,504.0,45.0,43.0
1166.0,502.0,46.0,42.0
1159.0,506.0,46.0,39.0
1146.0,511.0,45.0,39.0
1124.0,523.0,40.0,42.0
1095.0,538.0,40.0,38.0
1051.0,550.0,50.0,44.0
1014.0,564.0,50.0,44.0
948.0,588.0,48.0,43.0
848.0,601.0,92.0,43.0
803.0,609.0,70.0,45.0
730.0,620.0,69.0,44.0
641.0,619.0,69.0,44.0
552.0,610.0,68.0,43.0
477.0,586.0,68.0,48.0
395.0,544.0,74.0,65.0
325.0,496.0,75.0,65.0
281.0,427.0,60.0,71.0
246.0,329.0,61.0,87.0
247.0,244.0,43.0,87.0
261.0,133.0,66.0,92.0
290.0,39.0,64.0,93.0
337.0,1.0,60.0,44.0
0
0
0
0
0
0
0
0
0
0
0
0
0
0
0
0
1248.0,1.0,31.0,17.0
1258.0,24.0,21.0,86.0
1253.0,114.0,26.0,86.0
1228.0,206.0,50.0,93.0
1203.0,286.0,63.0,78.0
1142.0,427.0,62.0,77.0
1073.0,430.0,104.0,96.0
985.0,518.0,98.0,66.0
924.0,564.0,81.0,66.0
842.0,603.0,83.0,49.0
767.0,626.0,83.0,47.0
711.0,636.0,58.0,47.0
634.0,636.0,58.0,47.0
531.0,626.0,76.0,58.0
468.0,603.0,62.0,56.0
417.0,573.0,63.0,54.0
360.0,527.0,75.0,59.0
351.0,481.0,49.0,65.0
336.0,417.0,45.0,66.0
337.0,346.0,44.0,70.0
362.0,275.0,43.0,74.0
387.0,243.0,62.0,62.0
431.0,206.0,58.0,50.0
466.0,171.0,66.0,53.0
521.0,140.0,52.0,42.0
564.0,122.0,52.0,37.0
611.0,109.0,37.0,34.0
652.0,110.0,33.0,32.0
687.0,115.0,30.0,31.0
715.0,124.0,39.0,40.0
744.0,141.0,41.0,39.0
767.0,165.0,43.0,41.0
791.0,200.0,36.0,43.0
801.0,237.0,38.0,48.0
799.0,278.0,35.0,48.0
785.0,311.0,36.0,58.0
764.0,371.0,41.0,44.0
709.0,399.0,37.0,34.0
683.0,378.0,35.0,48.0
675.0,351.0,35.0,40.0
688.0,306.0,29.0,39.0
700.0,276.0,29.0,43.0
716.0,260.0,32.0,45.0
725.0,255.0,30.0,35.0
737.0,255.0,29.0,39.0
748.0,262.0,31.0,33.0
753.0,279.0,31.0,28.0
753.0,301.0,32.0,32.0
749.0,315.0,32.0,44.0
737.0,352.0,31.0,28.0
721.0,368.0,34.0,34.0
713.0,380.0,33.0,37.0
713.0,387.0,31.0,32.0
723.0,382.0,31.0,37.0
741.0,380.0,30.0,30.0
760.0,365.0,34.0,30.0
771.0,333.0,29.0,29.0
767.0,304.0,28.0,32.0
751.0,276.0,34.0,38.0
729.0,271.0,39.0,37.0
700.0,277.0,37.0,40.0
685.0,303.0,33.0,36.0
676.0,338.0,31.0,37.0
677.0,367.0,34.0,38.0
694.0,391.0,33.0,42.0
722.0,398.0,31.0,36.0
761.0,391.0,25.0,28.0
773.0,353.0,28.0,40.0
781.0,302.0,28.0,40.0
765.0,259.0,37.0,44.0
743.0,209.0,40.0,50.0
714.0,179.0,43.0,47.0
686.0,150.0,50.0,49.0
654.0,128.0,50.0,44.0
625.0,116.0,52.0,45.0
606.0,105.0,46.0,39.0
573.0,105.0,38.0,33.0
544.0,112.0,37.0,33.0
512.0,124.0,41.0,37.0
479.0,134.0,48.0,43.0
446.0,158.0,51.0,52.0
406.0,198.0,58.0,54.0
376.0,240.0,54.0,48.0
347.0,273.0,65.0,65.0
327.0,352.0,48.0,56.0
330.0,399.0,51.0,58.0
350.0,445.0,51.0,58.0
376.0,493.0,51.0,57.0
399.0,536.0,54.0,57.0
447.0,574.0,61.0,46.0
499.0,587.0,53.0,42.0
554.0,583.0,47.0,42.0
619.0,581.0,47.0,35.0
655.0,562.0,48.0,33.0
687.0,537.0,61.0,39.0
737.0,496.0,51.0,50.0
764.0,460.0,38.0,54.0
785.0,425.0,32.0,46.0
801.0,388.0,28.0,46.0
798.0,352.0,33.0,50.0
790.0,318.0,34.0,50.0
770.0,296.0,42.0,37.0
751.0,278.0,34.0,31.0
730.0,265.0,36.0,34.0
705.0,264.0,35.0,34.0
684.0,268.0,35.0,38.0
663.0,279.0,35.0,44.0
643.0,298.0,38.0,45.0
632.0,332.0,35.0,41.0
623.0,361.0,35.0,40.0
626.0,390.0,31.0,33.0
627.0,387.0,31.0,34.0
630.0,366.0,31.0,38.0
636.0,338.0,37.0,42.0
645.0,311.0,39.0,39.0
661.0,291.0,39.0,39.0
679.0,272.0,40.0,39.0
701.0,266.0,33.0,34.0
718.0,268.0,34.0,36.0
739.0,274.0,30.0,40.0
752.0,299.0,35.0,38.0
767.0,324.0,26.0,40.0
760.0,364.0,28.0,36.0
742.0,398.0,27.0,44.0
718.0,452.0,32.0,37.0
690.0,494.0,36.0,36.0
650.0,528.0,38.0,31.0
591.0,560.0,49.0,37.0
542.0,570.0,52.0,36.0
471.0,574.0,57.0,35.0
403.0,565.0,70.0,40.0
352.0,542.0,69.0,40.0
304.0,501.0,56.0,44.0
270.0,432.0,55.0,63.0
261.0,366.0,40.0,76.0
267.0,289.0,41.0,76.0
287.0,216.0,51.0,74.0
321.0,149.0,73.0,75.0
377.0,99.0,77.0,68.0
430.0,70.0,87.0,54.0
488.0,55.0,94.0,49.0
583.0,56.0,86.0,41.0
648.0,56.0,81.0,53.0
712.0,82.0,68.0,48.0
772.0,121.0,60.0,57.0
813.0,161.0,67.0,64.0
855.0,217.0,45.0,67.0
878.0,275.0,38.0,67.0
878.0,340.0,36.0,67.0
857.0,394.0,43.0,75.0
823.0,464.0,40.0,64.0
750.0,516.0,45.0,58.0
683.0,544.0,80.0,42.0
616.0,545.0,79.0,41.0
562.0,518.0,79.0,41.0
530.0,498.0,78.0,46.0
496.0,420.0,54.0,72.0
471.0,389.0,47.0,66.0
464.0,327.0,36.0,64.0
463.0,291.0,35.0,50.0
455.0,252.0,37.0,41.0
456.0,216.0,38.0,39.0
460.0,191.0,38.0,36.0
464.0,173.0,39.0,32.0
470.0,156.0,37.0,35.0
477.0,151.0,37.0,33.0
483.0,149.0,42.0,35.0
492.0,155.0,42.0,32.0
503.0,165.0,38.0,35.0
512.0,190.0,40.0,37.0
527.0,215.0,37.0,42.0
535.0,245.0,37.0,39.0
552.0,281.0,37.0,39.0
560.0,318.0,38.0,40.0
589.0,364.0,33.0,35.0
605.0,401.0,44.0,43.0
625.0,427.0,44.0,44.0
648.0,452.0,44.0,42.0
665.0,473.0,38.0,37.0
677.0,487.0,37.0,37.0
684.0,499.0,35.0,37.0
685.0,510.0,34.0,35.0
680.0,517.0,34.0,35.0
667.0,518.0,34.0,34.0
650.0,518.0,34.0,32.0
628.0,515.0,31.0,32.0
602.0,509.0,30.0,32.0
576.0,499.0,31.0,30.0
547.0,485.0,32.0,29.0
520.0,471.0,33.0,28.0
497.0,449.0,36.0,32.0
479.0,420.0,33.0,31.0
464.0,381.0,33.0,34.0
464.0,346.0,33.0,33.0
465.0,318.0,37.0,36.0
478.0,292.0,35.0,38.0
490.0,279.0,39.0,32.0
507.0,275.0,32.0,28.0
522.0,278.0,33.0,26.0
537.0,291.0,27.0,26.0
550.0,319.0,27.0,26.0
551.0,339.0,35.0,26.0
549.0,351.0,34.0,27.0
540.0,354.0,36.0,32.0
525.0,358.0,37.0,30.0
512.0,362.0,35.0,30.0
498.0,376.0,30.0,29.0
482.0,391.0,34.0,29.0
475.0,398.0,34.0,32.0
469.0,407.0,41.0,29.0
469.0,413.0,39.0,29.0
477.0,418.0,33.0,27.0
498.0,417.0,33.0,27.0
531.0,416.0,33.0,27.0
569.0,407.0,30.0,29.0
611.0,379.0,41.0,33.0
649.0,312.0,33.0,63.0
653.0,246.0,31.0,65.0
613.0,197.0,48.0,49.0
568.0,157.0,60.0,50.0
524.0,145.0,58.0,31.0
480.0,150.0,58.0,38.0
446.0,168.0,46.0,45.0
427.0,209.0,40.0,48.0
411.0,259.0,40.0,48.0
409.0,303.0,40.0,48.0
407.0,355.0,38.0,53.0
420.0,391.0,35.0,57.0
443.0,413.0,35.0,39.0
447.0,444.0,38.0,37.0
472.0,462.0,40.0,37.0
489.0,470.0,39.0,32.0
508.0,472.0,37.0,30.0
526.0,472.0,35.0,32.0
542.0,468.0,33.0,33.0
559.0,461.0,35.0,34.0
578.0,460.0,33.0,34.0
597.0,457.0,30.0,37.0
613.0,457.0,31.0,31.0
627.0,452.0,37.0,34.0
643.0,449.0,38.0,35.0
658.0,445.0,38.0,34.0
672.0,438.0,40.0,38.0
685.0,436.0,38.0,37.0
695.0,436.0,38.0,37.0
705.0,439.0,34.0,37.0
709.0,444.0,32.0,38.0
708.0,449.0,33.0,40.0
703.0,456.0,35.0,38.0
688.0,464.0,34.0,39.0
667.0,473.0,35.0,40.0
642.0,482.0,34.0,38.0
612.0,487.0,34.0,37.0
584.0,484.0,35.0,35.0
552.0,461.0,36.0,35.0
524.0,423.0,35.0,34.0
517.0,365.0,28.0,47.0
522.0,311.0,33.0,59.0
542.0,273.0,47.0,40.0
574.0,253.0,33.0,31.0
599.0,217.0,48.0,42.0
640.0,210.0,50.0,37.0
674.0,215.0,49.0,41.0
705.0,227.0,48.0,46.0
729.0,248.0,44.0,49.0
750.0,285.0,36.0,54.0
753.0,323.0,33.0,55.0
732.0,374.0,38.0,45.0
683.0,407.0,57.0,51.0
642.0,417.0,50.0,51.0
584.0,407.0,54.0,55.0
558.0,383.0,48.0,46.0
536.0,357.0,41.0,44.0
535.0,329.0,33.0,39.0
538.0,296.0,34.0,41.0
544.0,271.0,37.0,36.0
558.0,256.0,34.0,33.0
572.0,248.0,33.0,34.0
586.0,248.0,36.0,36.0
598.0,254.0,40.0,37.0
614.0,267.0,41.0,38.0
629.0,296.0,34.0,32.0
628.0,312.0,34.0,35.0
622.0,327.0,34.0,35.0
611.0,335.0,34.0,35.0
598.0,341.0,33.0,33.0
584.0,352.0,31.0,30.0
568.0,364.0,33.0,28.0
556.0,366.0,35.0,30.0
541.0,366.0,37.0,28.0
528.0,369.0,38.0,27.0
516.0,372.0,36.0,28.0
509.0,375.0,35.0,26.0
507.0,377.0,35.0,28.0
516.0,375.0,29.0,34.0
538.0,374.0,30.0,32.0
569.0,371.0,36.0,23.0
599.0,346.0,36.0,41.0
629.0,303.0,35.0,41.0
639.0,247.0,27.0,46.0
619.0,199.0,40.0,50.0
592.0,173.0,44.0,47.0
559.0,162.0,36.0,29.0
526.0,167.0,39.0,30.0
505.0,189.0,27.0,31.0
489.0,230.0,31.0,40.0
496.0,271.0,27.0,37.0
533.0,294.0,34.0,29.0
563.0,265.0,33.0,28.0
583.0,222.0,41.0,42.0
591.0,176.0,34.0,48.0
576.0,145.0,40.0,37.0
548.0,127.0,35.0,35.0
511.0,127.0,36.0,32.0
476.0,141.0,45.0,35.0
453.0,164.0,47.0,42.0
442.0,206.0,37.0,50.0
437.0,244.0,32.0,50.0
435.0,298.0,33.0,43.0
447.0,350.0,34.0,49.0
458.0,392.0,34.0,40.0
480.0,430.0,33.0,40.0
501.0,457.0,33.0,36.0
525.0,482.0,35.0,38.0
543.0,495.0,29.0,34.0
549.0,493.0,28.0,27.0
559.0,480.0,29.0,30.0
565.0,469.0,31.0,33.0
572.0,465.0,31.0,33.0
577.0,454.0,31.0,34.0
586.0,434.0,30.0,28.0
594.0,385.0,26.0,52.0
601.0,348.0,26.0,50.0
618.0,274.0,26.0,50.0
626.0,225.0,37.0,41.0
655.0,202.0,33.0,34.0
657.0,206.0,35.0,34.0
664.0,219.0,39.0,35.0
671.0,237.0,39.0,32.0
0
0
0
628.0,289.0,29.0,35.0
605.0,318.0,39.0,27.0
593.0,291.0,37.0,39.0
575.0,240.0,34.0,47.0
579.0,188.0,32.0,47.0
597.0,145.0,52.0,44.0
640.0,141.0,51.0,42.0
673.0,156.0,33.0,37.0
668.0,172.0,34.0,33.0
624.0,179.0,33.0,32.0
533.0,188.0,98.0,68.0
486.0,243.0,61.0,132.0
464.0,384.0,46.0,137.0
472.0,489.0,119.0,96.0
525.0,513.0,85.0,96.0
603.0,569.0,85.0,74.0
669.0,582.0,31.0,50.0
745.0,583.0,63.0,44.0
802.0,582.0,63.0,44.0
857.0,583.0,62.0,43.0
906.0,602.0,62.0,43.0
976.0,612.0,33.0,39.0
988.0,598.0,34.0,41.0
979.0,576.0,34.0,41.0
947.0,555.0,40.0,37.0
918.0,531.0,44.0,42.0
877.0,510.0,37.0,34.0
845.0,500.0,40.0,31.0
802.0,492.0,39.0,31.0
766.0,483.0,35.0,31.0
718.0,474.0,40.0,35.0
662.0,472.0,40.0,35.0
626.0,476.0,40.0,35.0
569.0,476.0,40.0,35.0
518.0,475.0,39.0,34.0
468.0,467.0,44.0,33.0
420.0,446.0,43.0,32.0
388.0,416.0,45.0,40.0
356.0,385.0,40.0,47.0
328.0,354.0,40.0,50.0
307.0,329.0,40.0,44.0
289.0,311.0,38.0,39.0
278.0,293.0,39.0,35.0
274.0,273.0,39.0,35.0
277.0,255.0,40.0,38.0
283.0,244.0,39.0,36.0
290.0,235.0,40.0,36.0
302.0,231.0,38.0,34.0
327.0,231.0,28.0,33.0
347.0,230.0,34.0,32.0
376.0,236.0,28.0,31.0
401.0,243.0,41.0,32.0
434.0,249.0,38.0,34.0
471.0,259.0,43.0,36.0
506.0,272.0,40.0,27.0
540.0,266.0,48.0,37.0
567.0,272.0,28.0,17.0
569.0,239.0,29.0,15.0
559.0,233.0,30.0,32.0
542.0,235.0,29.0,34.0
531.0,255.0,30.0,31.0
517.0,279.0,29.0,32.0
519.0,317.0,27.0,30.0
526.0,345.0,28.0,33.0
551.0,373.0,29.0,36.0
568.0,388.0,30.0,35.0
585.0,391.0,29.0,36.0
594.0,389.0,30.0,35.0
596.0,381.0,29.0,36.0
593.0,372.0,31.0,36.0
587.0,361.0,30.0,34.0
575.0,338.0,33.0,34.0
561.0,316.0,36.0,40.0
546.0,295.0,34.0,39.0
528.0,286.0,35.0,34.0
514.0,271.0,31.0,33.0
501.0,267.0,30.0,32.0
488.0,269.0,31.0,31.0
478.0,274.0,31.0,30.0
473.0,283.0,31.0,30.0
472.0,292.0,32.0,31.0
478.0,302.0,31.0,31.0
487.0,310.0,33.0,33.0
504.0,315.0,34.0,32.0
524.0,314.0,33.0,33.0
544.0,308.0,33.0,29.0
559.0,302.0,38.0,34.0
576.0,296.0,32.0,10.0
581.0,249.0,34.0,17.0
576.0,223.0,31.0,29.0
550.0,211.0,31.0,32.0
517.0,223.0,37.0,30.0
497.0,243.0,36.0,33.0
493.0,269.0,31.0,36.0
494.0,305.0,34.0,32.0
505.0,333.0,32.0,36.0
523.0,354.0,31.0,35.0
543.0,373.0,32.0,30.0
562.0,375.0,32.0,30.0
579.0,371.0,31.0,29.0
591.0,356.0,26.0,33.0
589.0,327.0,28.0,39.0
575.0,306.0,35.0,35.0
552.0,295.0,29.0,28.0
542.0,284.0,28.0,28.0
528.0,278.0,31.0,26.0
514.0,271.0,32.0,27.0
509.0,271.0,29.0,28.0
501.0,273.0,31.0,30.0
497.0,282.0,32.0,27.0
496.0,290.0,30.0,30.0
502.0,295.0,30.0,29.0
518.0,295.0,30.0,30.0
532.0,291.0,30.0,29.0
553.0,278.0,30.0,30.0
575.0,272.0,23.0,17.0
584.0,236.0,31.0,15.0
578.0,220.0,33.0,31.0
555.0,219.0,28.0,28.0
530.0,226.0,29.0,32.0
518.0,242.0,28.0,30.0
504.0,273.0,28.0,36.0
505.0,310.0,27.0,35.0
513.0,350.0,31.0,28.0
532.0,369.0,31.0,32.0
557.0,377.0,27.0,30.0
571.0,379.0,28.0,28.0
581.0,378.0,27.0,28.0
585.0,356.0,31.0,30.0
581.0,336.0,31.0,31.0
570.0,319.0,32.0,33.0
553.0,294.0,37.0,50.0
544.0,289.0,37.0,42.0
532.0,293.0,40.0,44.0
518.0,297.0,43.0,39.0
508.0,306.0,33.0,38.0
503.0,314.0,31.0,38.0
502.0,320.0,35.0,37.0
510.0,321.0,34.0,35.0
522.0,319.0,34.0,35.0
539.0,310.0,34.0,37.0
557.0,302.0,35.0,34.0
578.0,298.0,27.0,24.0
0
578.0,246.0,40.0,40.0
562.0,238.0,41.0,37.0
535.0,250.0,35.0,31.0
518.0,270.0,39.0,32.0
500.0,303.0,32.0,29.0
501.0,334.0,30.0,34.0
511.0,360.0,36.0,32.0
540.0,374.0,39.0,35.0
561.0,372.0,36.0,31.0
582.0,364.0,28.0,32.0
594.0,343.0,28.0,32.0
593.0,315.0,29.0,42.0
583.0,300.0,35.0,37.0
572.0,284.0,28.0,36.0
554.0,272.0,38.0,39.0
535.0,278.0,33.0,30.0
524.0,279.0,32.0,26.0
511.0,286.0,30.0,26.0
512.0,289.0,32.0,31.0
511.0,297.0,32.0,31.0
516.0,300.0,29.0,31.0
529.0,300.0,33.0,31.0
545.0,292.0,33.0,26.0
575.0,271.0,26.0,26.0
0
596.0,228.0,23.0,20.0
585.0,203.0,27.0,27.0
551.0,200.0,38.0,26.0
521.0,211.0,31.0,29.0
495.0,235.0,30.0,33.0
480.0,268.0,33.0,26.0
480.0,293.0,30.0,34.0
486.0,325.0,31.0,41.0
498.0,352.0,40.0,36.0
527.0,382.0,35.0,35.0
541.0,397.0,33.0,29.0
552.0,386.0,32.0,33.0
564.0,378.0,29.0,32.0
569.0,357.0,31.0,34.0
570.0,334.0,31.0,35.0
566.0,316.0,31.0,35.0
561.0,302.0,33.0,34.0
558.0,293.0,34.0,35.0
555.0,289.0,35.0,36.0
553.0,290.0,34.0,35.0
549.0,293.0,32.0,34.0
542.0,294.0,34.0,33.0
534.0,296.0,37.0,38.0
527.0,300.0,37.0,37.0
519.0,308.0,34.0,32.0
516.0,308.0,32.0,32.0
512.0,308.0,32.0,31.0
508.0,304.0,33.0,34.0
508.0,301.0,33.0,33.0
508.0,299.0,34.0,32.0
510.0,297.0,34.0,34.0
513.0,298.0,34.0,32.0
517.0,299.0,35.0,33.0
523.0,300.0,34.0,33.0
527.0,302.0,35.0,34.0
535.0,305.0,34.0,35.0
541.0,310.0,34.0,33.0
546.0,314.0,33.0,31.0
549.0,316.0,34.0,30.0
553.0,321.0,33.0,32.0
557.0,326.0,32.0,33.0
558.0,331.0,32.0,30.0
557.0,332.0,33.0,31.0
554.0,330.0,32.0,31.0
552.0,328.0,32.0,31.0
548.0,326.0,31.0,31.0
545.0,327.0,30.0,30.0
541.0,329.0,30.0,29.0
536.0,330.0,31.0,32.0
531.0,330.0,32.0,34.0
529.0,331.0,31.0,34.0
528.0,334.0,31.0,32.0
528.0,335.0,31.0,32.0
528.0,336.0,31.0,32.0
528.0,337.0,31.0,32.0
531.0,336.0,31.0,32.0
535.0,335.0,31.0,31.0
539.0,330.0,32.0,31.0
545.0,324.0,31.0,30.0
549.0,318.0,33.0,30.0
556.0,310.0,34.0,30.0
562.0,302.0,32.0,32.0
567.0,294.0,32.0,31.0
571.0,288.0,33.0,30.0
575.0,281.0,32.0,32.0
581.0,271.0,29.0,35.0
582.0,276.0,28.0,28.0
0
0
578.0,254.0,31.0,30.0
575.0,249.0,30.0,34.0
563.0,245.0,34.0,34.0
547.0,245.0,31.0,29.0
530.0,249.0,32.0,29.0
510.0,256.0,34.0,28.0
490.0,263.0,36.0,29.0
467.0,281.0,33.0,30.0
448.0,300.0,33.0,31.0
432.0,316.0,33.0,30.0
413.0,331.0,32.0,29.0
386.0,355.0,38.0,33.0
371.0,383.0,33.0,32.0
350.0,407.0,37.0,33.0
333.0,431.0,33.0,28.0
318.0,439.0,39.0,32.0
304.0,447.0,39.0,35.0
296.0,446.0,39.0,37.0
298.0,427.0,36.0,32.0
314.0,397.0,35.0,38.0
335.0,353.0,53.0,49.0
371.0,328.0,76.0,52.0
409.0,320.0,79.0,34.0
477.0,342.0,42.0,44.0
500.0,368.0,29.0,36.0
509.0,392.0,34.0,32.0
514.0,413.0,32.0,32.0
514.0,425.0,32.0,30.0
515.0,436.0,32.0,32.0
512.0,439.0,34.0,34.0
511.0,442.0,32.0,32.0
508.0,447.0,30.0,30.0
504.0,447.0,31.0,32.0
496.0,440.0,33.0,32.0
487.0,430.0,32.0,35.0
479.0,426.0,34.0,35.0
477.0,419.0,33.0,35.0
488.0,381.0,27.0,34.0
498.0,341.0,32.0,42.0
518.0,300.0,38.0,55.0
543.0,251.0,49.0,45.0
606.0,224.0,37.0,33.0
625.0,201.0,29.0,33.0
639.0,184.0,27.0,34.0
640.0,187.0,26.0,32.0
638.0,196.0,26.0,27.0
0
0
687.0,132.0,19.0,32.0
700.0,128.0,27.0,33.0
707.0,129.0,32.0,35.0
699.0,126.0,33.0,37.0
673.0,121.0,32.0,36.0
576.0,114.0,77.0,33.0
487.0,136.0,86.0,72.0
441.0,211.0,64.0,77.0
397.0,340.0,34.0,102.0
397.0,451.0,68.0,102.0
458.0,528.0,70.0,71.0
524.0,546.0,69.0,64.0
582.0,545.0,69.0,64.0
648.0,555.0,69.0,64.0
715.0,565.0,69.0,64.0
761.0,565.0,69.0,64.0
785.0,559.0,34.0,63.0
788.0,542.0,30.0,37.0
778.0,505.0,24.0,43.0
765.0,474.0,24.0,39.0
737.0,457.0,25.0,29.0
706.0,432.0,25.0,30.0
676.0,413.0,25.0,29.0
654.0,400.0,24.0,25.0
609.0,384.0,36.0,35.0
578.0,379.0,38.0,37.0
544.0,376.0,39.0,41.0
506.0,372.0,38.0,41.0
477.0,363.0,42.0,35.0
452.0,359.0,40.0,35.0
431.0,352.0,35.0,37.0
405.0,343.0,36.0,38.0
390.0,338.0,35.0,38.0
377.0,335.0,35.0,35.0
367.0,335.0,36.0,34.0
363.0,335.0,37.0,35.0
363.0,333.0,37.0,35.0
370.0,331.0,32.0,36.0
383.0,330.0,35.0,35.0
401.0,327.0,40.0,37.0
425.0,325.0,42.0,35.0
456.0,325.0,41.0,35.0
486.0,323.0,41.0,31.0
526.0,322.0,39.0,31.0
560.0,313.0,36.0,32.0
584.0,298.0,33.0,31.0
0
568.0,254.0,39.0,32.0
533.0,260.0,37.0,31.0
505.0,287.0,33.0,31.0
500.0,320.0,31.0,31.0
508.0,344.0,28.0,35.0
527.0,376.0,28.0,36.0
549.0,391.0,28.0,32.0
566.0,403.0,28.0,31.0
581.0,408.0,28.0,35.0
592.0,408.0,28.0,34.0
599.0,404.0,28.0,35.0
598.0,398.0,31.0,36.0
595.0,383.0,31.0,38.0
591.0,370.0,28.0,38.0
581.0,351.0,28.0,34.0
562.0,328.0,36.0,37.0
551.0,310.0,31.0,40.0
536.0,303.0,42.0,34.0
525.0,302.0,44.0,27.0
516.0,301.0,31.0,27.0
505.0,300.0,28.0,33.0
496.0,308.0,31.0,32.0
489.0,316.0,30.0,35.0
485.0,328.0,31.0,35.0
481.0,337.0,35.0,39.0
483.0,349.0,33.0,35.0
486.0,358.0,35.0,38.0
493.0,364.0,34.0,40.0
499.0,374.0,33.0,37.0
508.0,377.0,32.0,38.0
517.0,381.0,29.0,35.0
525.0,382.0,30.0,35.0
533.0,377.0,28.0,35.0
541.0,373.0,29.0,35.0
550.0,368.0,28.0,35.0
557.0,367.0,29.0,35.0
564.0,367.0,30.0,35.0
571.0,365.0,31.0,35.0
575.0,365.0,31.0,33.0
580.0,363.0,31.0,38.0
583.0,361.0,31.0,38.0
583.0,358.0,31.0,37.0
582.0,353.0,33.0,36.0
584.0,345.0,31.0,35.0
586.0,328.0,29.0,39.0
585.0,316.0,29.0,38.0
584.0,301.0,28.0,38.0
580.0,291.0,33.0,35.0
574.0,269.0,26.0,43.0
566.0,271.0,34.0,34.0
560.0,265.0,31.0,36.0
558.0,269.0,33.0,38.0
560.0,271.0,33.0,38.0
568.0,275.0,31.0,32.0
578.0,274.0,31.0,35.0
591.0,273.0,29.0,32.0
608.0,267.0,31.0,29.0
0
601.0,223.0,44.0,26.0
588.0,196.0,40.0,47.0
572.0,190.0,43.0,33.0
573.0,192.0,27.0,33.0
583.0,197.0,31.0,29.0
599.0,200.0,30.0,30.0
605.0,201.0,31.0,32.0
601.0,197.0,33.0,32.0
595.0,190.0,34.0,33.0
590.0,181.0,28.0,31.0
583.0,176.0,29.0,32.0
579.0,174.0,29.0,32.0
574.0,170.0,30.0,32.0
567.0,171.0,32.0,34.0
561.0,170.0,40.0,37.0
557.0,175.0,40.0,38.0
554.0,187.0,33.0,35.0
552.0,201.0,34.0,28.0
561.0,225.0,33.0,24.0
576.0,248.0,39.0,43.0
585.0,257.0,39.0,43.0
624.0,301.0,29.0,39.0
632.0,314.0,30.0,32.0
632.0,313.0,30.0,30.0
626.0,309.0,30.0,28.0
607.0,302.0,32.0,34.0
593.0,298.0,31.0,33.0
547.0,265.0,47.0,31.0
485.0,224.0,56.0,35.0
443.0,168.0,55.0,62.0
450.0,99.0,59.0,64.0
487.0,68.0,38.0,46.0
490.0,52.0,37.0,28.0
494.0,29.0,34.0,31.0
491.0,1.0,36.0,36.0
489.0,1.0,35.0,7.0
0
0
0
0
0
505.0,18.0,10.0,10.0
511.0,27.0,10.0,10.0
496.0,52.0,34.0,31.0
491.0,73.0,42.0,35.0
489.0,102.0,40.0,43.0
485.0,147.0,39.0,34.0
481.0,184.0,41.0,45.0
476.0,217.0,43.0,47.0
470.0,253.0,45.0,48.0
466.0,288.0,44.0,47.0
471.0,322.0,39.0,49.0
475.0,355.0,37.0,43.0
477.0,379.0,33.0,36.0
478.0,391.0,35.0,32.0
480.0,391.0,34.0,36.0
481.0,380.0,35.0,36.0
483.0,360.0,31.0,33.0
483.0,332.0,31.0,36.0
482.0,310.0,34.0,35.0
482.0,294.0,33.0,30.0
485.0,280.0,33.0,33.0
485.0,271.0,33.0,36.0
486.0,265.0,34.0,37.0
491.0,254.0,34.0,34.0
494.0,239.0,33.0,35.0
497.0,224.0,36.0,38.0
503.0,214.0,36.0,37.0
507.0,209.0,37.0,38.0
513.0,206.0,38.0,34.0
521.0,206.0,37.0,38.0
527.0,209.0,39.0,38.0
533.0,208.0,40.0,39.0
537.0,216.0,43.0,32.0
555.0,232.0,38.0,31.0
565.0,255.0,39.0,33.0
558.0,281.0,42.0,25.0
566.0,289.0,24.0,25.0
0
0
0
0
0
647.0,190.0,23.0,32.0
651.0,185.0,20.0,30.0
648.0,186.0,23.0,25.0
614.0,173.0,27.0,26.0
572.0,177.0,42.0,36.0
509.0,200.0,64.0,51.0
480.0,257.0,36.0,63.0
441.0,329.0,41.0,71.0
440.0,426.0,41.0,70.0
451.0,489.0,55.0,57.0
476.0,525.0,40.0,35.0
507.0,534.0,40.0,35.0
520.0,533.0,39.0,36.0
527.0,528.0,41.0,39.0
538.0,519.0,36.0,41.0
535.0,495.0,36.0,37.0
532.0,475.0,30.0,33.0
513.0,443.0,39.0,27.0
501.0,417.0,37.0,35.0
483.0,377.0,30.0,34.0
464.0,348.0,31.0,35.0
450.0,307.0,32.0,40.0
431.0,288.0,31.0,39.0
401.0,240.0,38.0,42.0
388.0,201.0,31.0,45.0
395.0,171.0,55.0,37.0
421.0,161.0,32.0,36.0
431.0,163.0,31.0,17.0
0
511.0,127.0,12.0,19.0
528.0,118.0,27.0,30.0
531.0,125.0,30.0,32.0
520.0,133.0,27.0,32.0
486.0,147.0,34.0,32.0
425.0,159.0,68.0,76.0
360.0,206.0,77.0,91.0
319.0,297.0,43.0,90.0
319.0,402.0,39.0,88.0
350.0,477.0,44.0,67.0
387.0,517.0,54.0,55.0
432.0,531.0,49.0,48.0
463.0,526.0,38.0,45.0
480.0,515.0,39.0,49.0
493.0,506.0,35.0,48.0
497.0,481.0,35.0,42.0
504.0,464.0,30.0,36.0
506.0,447.0,30.0,37.0
510.0,433.0,30.0,41.0
510.0,426.0,28.0,40.0
509.0,417.0,28.0,37.0
502.0,398.0,28.0,36.0
495.0,383.0,26.0,35.0
479.0,344.0,35.0,32.0
469.0,316.0,36.0,34.0
462.0,293.0,35.0,33.0
457.0,262.0,31.0,30.0
461.0,240.0,34.0,34.0
456.0,245.0,34.0,33.0
450.0,249.0,38.0,30.0
462.0,253.0,29.0,22.0
0
0
544.0,162.0,33.0,27.0
561.0,148.0,41.0,29.0
568.0,149.0,32.0,36.0
555.0,153.0,35.0,32.0
516.0,158.0,44.0,34.0
444.0,173.0,78.0,70.0
405.0,221.0,60.0,118.0
379.0,311.0,29.0,105.0
377.0,391.0,31.0,105.0
393.0,478.0,43.0,58.0
434.0,517.0,45.0,34.0
461.0,519.0,38.0,41.0
479.0,516.0,35.0,38.0
492.0,509.0,37.0,41.0
506.0,504.0,33.0,41.0
519.0,503.0,29.0,44.0
525.0,509.0,34.0,43.0
533.0,512.0,36.0,42.0
540.0,522.0,38.0,41.0
544.0,534.0,39.0,39.0
555.0,552.0,38.0,37.0
568.0,580.0,32.0,36.0
578.0,609.0,31.0,35.0
576.0,618.0,34.0,34.0
573.0,620.0,36.0,38.0
568.0,618.0,34.0,37.0
564.0,621.0,30.0,37.0
556.0,622.0,31.0,36.0
550.0,621.0,31.0,35.0
538.0,608.0,33.0,32.0
527.0,562.0,32.0,38.0
526.0,507.0,33.0,39.0
537.0,451.0,35.0,56.0
569.0,403.0,31.0,44.0
582.0,403.0,41.0,33.0
612.0,400.0,34.0,35.0
623.0,405.0,33.0,34.0
629.0,412.0,32.0,35.0
632.0,422.0,33.0,35.0
634.0,434.0,32.0,35.0
633.0,447.0,31.0,36.0
627.0,453.0,30.0,37.0
617.0,458.0,31.0,35.0
604.0,456.0,31.0,29.0
589.0,445.0,28.0,29.0
566.0,430.0,29.0,32.0
549.0,430.0,24.0,23.0
535.0,421.0,25.0,23.0
517.0,409.0,31.0,40.0
512.0,386.0,33.0,32.0
508.0,351.0,33.0,41.0
510.0,335.0,30.0,33.0
514.0,303.0,29.0,28.0
521.0,282.0,33.0,36.0
528.0,262.0,46.0,38.0
546.0,276.0,28.0,32.0
543.0,287.0,31.0,23.0
536.0,283.0,40.0,23.0
0
0
559.0,153.0,25.0,24.0
570.0,136.0,32.0,32.0
567.0,142.0,34.0,32.0
543.0,142.0,37.0,37.0
449.0,156.0,71.0,35.0
357.0,188.0,88.0,90.0
314.0,314.0,45.0,100.0
335.0,437.0,45.0,100.0
362.0,532.0,97.0,61.0
442.0,572.0,94.0,37.0
515.0,571.0,79.0,37.0
576.0,570.0,67.0,36.0
646.0,566.0,58.0,37.0
720.0,565.0,52.0,37.0
768.0,575.0,50.0,39.0
810.0,581.0,39.0,38.0
825.0,576.0,35.0,39.0
823.0,570.0,35.0,41.0
807.0,568.0,36.0,38.0
784.0,567.0,35.0,35.0
751.0,564.0,36.0,35.0
717.0,564.0,35.0,36.0
673.0,566.0,40.0,36.0
616.0,569.0,47.0,42.0
571.0,575.0,50.0,40.0
528.0,588.0,53.0,40.0
468.0,598.0,49.0,39.0
405.0,590.0,55.0,44.0
354.0,545.0,62.0,68.0
334.0,469.0,43.0,68.0
349.0,385.0,45.0,70.0
383.0,300.0,44.0,69.0
464.0,273.0,60.0,36.0
529.0,231.0,62.0,54.0
589.0,206.0,63.0,52.0
649.0,200.0,63.0,40.0
713.0,201.0,49.0,25.0
766.0,206.0,36.0,32.0
792.0,220.0,40.0,35.0
817.0,250.0,33.0,40.0
823.0,275.0,37.0,37.0
832.0,312.0,34.0,37.0
832.0,348.0,33.0,59.0
816.0,391.0,34.0,60.0
777.0,435.0,51.0,50.0
739.0,481.0,48.0,50.0
687.0,518.0,48.0,43.0
637.0,528.0,48.0,34.0
572.0,515.0,48.0,34.0
540.0,480.0,45.0,34.0
522.0,412.0,31.0,39.0
514.0,360.0,28.0,39.0
523.0,316.0,36.0,43.0
547.0,292.0,44.0,38.0
583.0,284.0,33.0,33.0
610.0,281.0,33.0,33.0
635.0,289.0,30.0,32.0
655.0,307.0,29.0,33.0
655.0,335.0,28.0,30.0
649.0,343.0,29.0,30.0
644.0,348.0,30.0,28.0
639.0,353.0,30.0,29.0
635.0,357.0,30.0,28.0
632.0,356.0,31.0,30.0
631.0,355.0,30.0,29.0
631.0,354.0,31.0,28.0
631.0,351.0,31.0,29.0
633.0,347.0,31.0,29.0
638.0,338.0,31.0,29.0
646.0,326.0,31.0,29.0
653.0,317.0,30.0,28.0
671.0,307.0,28.0,30.0
679.0,302.0,29.0,26.0
687.0,296.0,27.0,26.0
693.0,290.0,27.0,27.0
698.0,285.0,27.0,26.0
703.0,280.0,26.0,25.0
705.0,276.0,26.0,24.0
705.0,271.0,30.0,27.0
705.0,266.0,31.0,31.0
704.0,264.0,31.0,30.0
702.0,263.0,30.0,31.0
698.0,262.0,31.0,29.0
694.0,260.0,30.0,31.0
691.0,260.0,29.0,29.0
684.0,260.0,30.0,28.0
678.0,260.0,30.0,30.0
671.0,263.0,30.0,29.0
665.0,270.0,31.0,29.0
659.0,275.0,29.0,29.0
652.0,283.0,29.0,29.0
645.0,291.0,30.0,29.0
640.0,298.0,28.0,29.0
633.0,309.0,30.0,30.0
627.0,322.0,28.0,28.0
621.0,333.0,30.0,30.0
616.0,343.0,30.0,29.0
615.0,350.0,30.0,30.0
616.0,354.0,30.0,30.0
617.0,358.0,31.0,29.0
620.0,361.0,31.0,30.0
623.0,367.0,31.0,27.0
626.0,372.0,31.0,29.0
626.0,374.0,31.0,29.0
626.0,376.0,31.0,30.0
623.0,382.0,31.0,30.0
618.0,390.0,30.0,29.0
610.0,398.0,29.0,29.0
596.0,408.0,30.0,28.0
579.0,417.0,29.0,29.0
557.0,425.0,29.0,29.0
530.0,427.0,29.0,29.0
497.0,414.0,43.0,33.0
478.0,393.0,34.0,33.0
469.0,352.0,35.0,38.0
468.0,318.0,35.0,38.0
488.0,270.0,33.0,42.0
501.0,260.0,43.0,44.0
529.0,258.0,38.0,39.0
554.0,265.0,38.0,39.0
569.0,286.0,36.0,35.0
577.0,296.0,35.0,41.0
578.0,311.0,34.0,35.0
575.0,315.0,34.0,33.0
573.0,312.0,33.0,33.0
572.0,308.0,34.0,32.0
572.0,304.0,34.0,33.0
574.0,302.0,35.0,34.0
578.0,303.0,35.0,34.0
583.0,306.0,36.0,33.0
591.0,309.0,35.0,32.0
602.0,314.0,32.0,31.0
610.0,320.0,33.0,31.0
620.0,325.0,32.0,32.0
626.0,330.0,33.0,33.0
632.0,340.0,32.0,31.0
638.0,351.0,32.0,31.0
642.0,359.0,33.0,32.0
646.0,368.0,31.0,31.0
649.0,380.0,31.0,31.0
650.0,390.0,33.0,33.0
652.0,400.0,32.0,30.0
654.0,404.0,32.0,30.0
655.0,409.0,32.0,30.0
655.0,417.0,31.0,30.0
653.0,424.0,31.0,31.0
649.0,434.0,30.0,29.0
641.0,445.0,27.0,27.0
630.0,447.0,27.0,30.0
607.0,446.0,30.0,32.0
581.0,437.0,29.0,30.0
538.0,409.0,29.0,27.0
526.0,354.0,27.0,50.0
522.0,305.0,26.0,44.0
527.0,261.0,34.0,36.0
543.0,236.0,35.0,38.0
572.0,220.0,32.0,29.0
594.0,219.0,31.0,29.0
615.0,234.0,30.0,28.0
634.0,259.0,23.0,26.0
637.0,286.0,20.0,26.0
625.0,336.0,31.0,25.0
600.0,358.0,37.0,29.0
564.0,372.0,36.0,30.0
523.0,365.0,35.0,30.0
495.0,348.0,35.0,32.0
464.0,318.0,36.0,30.0
466.0,288.0,30.0,31.0
466.0,269.0,31.0,34.0
471.0,258.0,33.0,33.0
483.0,256.0,33.0,27.0
497.0,257.0,31.0,29.0
510.0,267.0,35.0,30.0
527.0,281.0,34.0,31.0
549.0,317.0,31.0,33.0
555.0,336.0,40.0,27.0
575.0,370.0,28.0,45.0
558.0,398.0,33.0,28.0
516.0,400.0,42.0,27.0
496.0,400.0,41.0,26.0
478.0,367.0,33.0,37.0
471.0,337.0,33.0,41.0
474.0,318.0,32.0,35.0
483.0,306.0,32.0,30.0
497.0,296.0,31.0,31.0
515.0,297.0,26.0,25.0
542.0,304.0,26.0,31.0
555.0,312.0,31.0,32.0
591.0,357.0,30.0,38.0
606.0,366.0,28.0,38.0
616.0,427.0,19.0,24.0
600.0,447.0,36.0,33.0
573.0,446.0,21.0,36.0
543.0,434.0,28.0,31.0
533.0,407.0,27.0,30.0
525.0,379.0,26.0,32.0
526.0,353.0,29.0,30.0
534.0,335.0,26.0,29.0
543.0,318.0,27.0,28.0
552.0,310.0,27.0,26.0
554.0,304.0,37.0,35.0
583.0,314.0,28.0,31.0
604.0,329.0,26.0,32.0
619.0,359.0,31.0,31.0
640.0,400.0,31.0,24.0
640.0,414.0,31.0,24.0
615.0,426.0,26.0,26.0
594.0,414.0,26.0,26.0
573.0,395.0,23.0,26.0
566.0,370.0,26.0,25.0
566.0,350.0,26.0,27.0
568.0,334.0,28.0,28.0
572.0,325.0,25.0,23.0
577.0,320.0,23.0,23.0
582.0,321.0,21.0,22.0
587.0,325.0,22.0,23.0
595.0,340.0,22.0,23.0
605.0,359.0,25.0,28.0
613.0,391.0,31.0,27.0
619.0,421.0,30.0,20.0
634.0,469.0,23.0,21.0
623.0,494.0,28.0,23.0
596.0,491.0,33.0,34.0
566.0,485.0,33.0,29.0
543.0,444.0,28.0,46.0
543.0,402.0,32.0,37.0
550.0,365.0,26.0,41.0
561.0,309.0,30.0,46.0
581.0,296.0,39.0,39.0
615.0,278.0,36.0,36.0
640.0,274.0,34.0,31.0
663.0,276.0,33.0,37.0
678.0,296.0,32.0,40.0
692.0,328.0,34.0,33.0
680.0,382.0,26.0,27.0
645.0,406.0,26.0,29.0
593.0,411.0,44.0,26.0
555.0,402.0,43.0,25.0
525.0,358.0,21.0,36.0
512.0,312.0,34.0,34.0
517.0,269.0,33.0,40.0
529.0,248.0,33.0,28.0
557.0,230.0,28.0,26.0
590.0,226.0,20.0,27.0
612.0,239.0,29.0,28.0
636.0,267.0,25.0,29.0
638.0,309.0,33.0,15.0
629.0,349.0,28.0,36.0
564.0,380.0,56.0,29.0
535.0,377.0,44.0,32.0
496.0,340.0,45.0,41.0
477.0,307.0,36.0,41.0
478.0,271.0,36.0,43.0
489.0,252.0,32.0,41.0
509.0,238.0,32.0,31.0
529.0,234.0,31.0,26.0
552.0,241.0,29.0,31.0
577.0,265.0,30.0,28.0
592.0,298.0,30.0,31.0
596.0,354.0,27.0,25.0
573.0,372.0,34.0,32.0
539.0,375.0,29.0,29.0
511.0,345.0,30.0,34.0
495.0,312.0,32.0,34.0
503.0,280.0,30.0,33.0
509.0,255.0,34.0,39.0
529.0,239.0,32.0,30.0
569.0,247.0,34.0,36.0
588.0,257.0,40.0,41.0
630.0,314.0,27.0,38.0
629.0,378.0,28.0,37.0
577.0,425.0,57.0,36.0
526.0,413.0,57.0,39.0
495.0,375.0,39.0,53.0
494.0,328.0,29.0,53.0
496.0,282.0,28.0,52.0
505.0,253.0,26.0,39.0
522.0,230.0,31.0,30.0
538.0,219.0,32.0,31.0
556.0,218.0,28.0,27.0
570.0,223.0,29.0,29.0
588.0,236.0,27.0,40.0
603.0,269.0,26.0,31.0
0
591.0,327.0,24.0,22.0
567.0,322.0,28.0,28.0
551.0,308.0,26.0,29.0
538.0,284.0,26.0,27.0
535.0,254.0,28.0,27.0
541.0,233.0,28.0,28.0
551.0,216.0,31.0,28.0
567.0,217.0,34.0,24.0
595.0,229.0,30.0,32.0
622.0,256.0,41.0,66.0
633.0,282.0,39.0,63.0
665.0,382.0,24.0,20.0
654.0,416.0,20.0,21.0
582.0,444.0,63.0,28.0
521.0,427.0,39.0,28.0
513.0,405.0,39.0,38.0
489.0,363.0,35.0,38.0
481.0,331.0,31.0,32.0
485.0,302.0,31.0,33.0
495.0,284.0,32.0,28.0
507.0,270.0,31.0,26.0
524.0,264.0,29.0,27.0
540.0,268.0,29.0,27.0
556.0,280.0,31.0,34.0
574.0,317.0,28.0,45.0
584.0,346.0,25.0,29.0
573.0,398.0,25.0,25.0
547.0,404.0,43.0,23.0
509.0,399.0,27.0,22.0
488.0,377.0,26.0,26.0
485.0,342.0,27.0,26.0
489.0,310.0,30.0,34.0
514.0,287.0,32.0,32.0
542.0,272.0,36.0,31.0
575.0,275.0,35.0,29.0
604.0,302.0,35.0,29.0
638.0,332.0,19.0,27.0
638.0,391.0,21.0,32.0
590.0,432.0,50.0,31.0
523.0,426.0,57.0,39.0
514.0,407.0,46.0,38.0
494.0,361.0,29.0,41.0
485.0,329.0,29.0,37.0
485.0,296.0,28.0,31.0
493.0,266.0,28.0,30.0
500.0,247.0,28.0,28.0
513.0,233.0,26.0,25.0
526.0,227.0,27.0,27.0
541.0,225.0,28.0,29.0
557.0,232.0,28.0,27.0
572.0,244.0,28.0,24.0
588.0,263.0,25.0,22.0
0
589.0,304.0,26.0,25.0
576.0,304.0,25.0,24.0
546.0,297.0,24.0,23.0
526.0,283.0,23.0,23.0
515.0,267.0,24.0,24.0
511.0,251.0,29.0,25.0
522.0,245.0,24.0,22.0
537.0,244.0,25.0,25.0
552.0,252.0,25.0,23.0
571.0,264.0,31.0,32.0
593.0,290.0,31.0,43.0
611.0,326.0,33.0,47.0
612.0,365.0,29.0,30.0
606.0,429.0,20.0,27.0
566.0,430.0,32.0,28.0
537.0,427.0,24.0,22.0
518.0,407.0,38.0,27.0
495.0,373.0,27.0,31.0
488.0,350.0,24.0,35.0
487.0,330.0,25.0,30.0
491.0,318.0,26.0,26.0
498.0,307.0,27.0,26.0
509.0,304.0,29.0,26.0
521.0,308.0,27.0,25.0
531.0,318.0,31.0,27.0
549.0,341.0,35.0,31.0
556.0,364.0,32.0,28.0
0
544.0,436.0,28.0,28.0
519.0,433.0,26.0,28.0
485.0,434.0,30.0,27.0
459.0,408.0,33.0,32.0
454.0,375.0,28.0,31.0
460.0,341.0,26.0,29.0
474.0,319.0,25.0,28.0
495.0,305.0,28.0,25.0
522.0,300.0,24.0,25.0
552.0,307.0,23.0,30.0
575.0,326.0,30.0,37.0
593.0,366.0,30.0,17.0
593.0,399.0,28.0,23.0
568.0,432.0,26.0,20.0
531.0,431.0,33.0,25.0
517.0,421.0,33.0,25.0
498.0,394.0,32.0,24.0
489.0,366.0,27.0,25.0
494.0,350.0,23.0,29.0
496.0,325.0,27.0,28.0
498.0,304.0,33.0,32.0
507.0,299.0,30.0,28.0
516.0,298.0,31.0,26.0
528.0,306.0,33.0,26.0
535.0,318.0,35.0,26.0
560.0,343.0,24.0,25.0
569.0,372.0,25.0,23.0
558.0,397.0,30.0,26.0
535.0,401.0,32.0,26.0
518.0,397.0,33.0,28.0
497.0,385.0,32.0,31.0
488.0,360.0,32.0,26.0
489.0,339.0,32.0,30.0
502.0,323.0,32.0,31.0
525.0,318.0,30.0,27.0
541.0,316.0,29.0,26.0
562.0,323.0,32.0,25.0
575.0,337.0,41.0,36.0
609.0,384.0,31.0,32.0
621.0,436.0,20.0,31.0
584.0,462.0,38.0,36.0
543.0,466.0,37.0,35.0
512.0,448.0,35.0,36.0
508.0,419.0,36.0,34.0
472.0,380.0,35.0,37.0
462.0,350.0,30.0,34.0
453.0,326.0,30.0,33.0
447.0,309.0,29.0,32.0
444.0,295.0,26.0,27.0
443.0,289.0,26.0,26.0
447.0,289.0,25.0,26.0
452.0,298.0,27.0,25.0
461.0,316.0,28.0,26.0
473.0,332.0,25.0,30.0
481.0,364.0,32.0,32.0
492.0,407.0,28.0,28.0
496.0,427.0,30.0,28.0
483.0,430.0,29.0,27.0
467.0,417.0,29.0,28.0
454.0,406.0,32.0,32.0
457.0,383.0,32.0,33.0
465.0,367.0,33.0,33.0
483.0,359.0,31.0,27.0
507.0,357.0,24.0,27.0
525.0,362.0,28.0,27.0
549.0,374.0,29.0,27.0
566.0,397.0,26.0,27.0
600.0,431.0,24.0,25.0
606.0,477.0,22.0,41.0
560.0,517.0,56.0,34.0
530.0,513.0,54.0,32.0
478.0,496.0,38.0,42.0
451.0,445.0,39.0,46.0
440.0,406.0,30.0,39.0
433.0,366.0,32.0,38.0
431.0,323.0,28.0,39.0
435.0,298.0,29.0,40.0
436.0,287.0,29.0,32.0
446.0,279.0,26.0,26.0
458.0,274.0,24.0,28.0
471.0,278.0,24.0,26.0
484.0,287.0,26.0,25.0
499.0,304.0,29.0,23.0
517.0,326.0,28.0,26.0
518.0,338.0,32.0,25.0
514.0,344.0,30.0,25.0
506.0,351.0,28.0,24.0
496.0,352.0,32.0,31.0
500.0,354.0,31.0,30.0
513.0,353.0,30.0,30.0
528.0,356.0,31.0,28.0
542.0,362.0,32.0,27.0
559.0,374.0,26.0,29.0
576.0,393.0,25.0,23.0
591.0,414.0,23.0,26.0
606.0,453.0,27.0,26.0
619.0,488.0,26.0,27.0
610.0,511.0,29.0,25.0
581.0,522.0,29.0,22.0
557.0,519.0,22.0,26.0
527.0,509.0,26.0,19.0
507.0,480.0,29.0,26.0
485.0,442.0,36.0,34.0
481.0,395.0,30.0,33.0
480.0,357.0,34.0,32.0
489.0,323.0,33.0,32.0
508.0,297.0,29.0,27.0
530.0,270.0,34.0,34.0
546.0,268.0,32.0,33.0
574.0,266.0,29.0,31.0
599.0,294.0,19.0,22.0
609.0,320.0,24.0,20.0
591.0,368.0,34.0,20.0
573.0,384.0,30.0,22.0
539.0,386.0,30.0,28.0
508.0,366.0,44.0,28.0
495.0,331.0,41.0,39.0
489.0,302.0,40.0,41.0
488.0,278.0,39.0,33.0
494.0,262.0,39.0,32.0
502.0,253.0,42.0,34.0
514.0,249.0,38.0,32.0
527.0,255.0,43.0,33.0
544.0,271.0,35.0,30.0
561.0,295.0,33.0,31.0
582.0,327.0,38.0,34.0
587.0,359.0,38.0,27.0
584.0,369.0,41.0,29.0
576.0,361.0,38.0,28.0
565.0,348.0,39.0,30.0
558.0,337.0,40.0,30.0
555.0,324.0,41.0,35.0
556.0,316.0,41.0,36.0
558.0,315.0,43.0,38.0
560.0,321.0,44.0,39.0
566.0,340.0,41.0,30.0
570.0,353.0,39.0,33.0
576.0,377.0,43.0,26.0
584.0,399.0,41.0,23.0
593.0,427.0,37.0,22.0
602.0,453.0,33.0,21.0
610.0,487.0,34.0,28.0
617.0,519.0,38.0,35.0
626.0,565.0,38.0,29.0
631.0,603.0,33.0,38.0
639.0,650.0,31.0,41.0
631.0,661.0,40.0,46.0
631.0,664.0,41.0,48.0
629.0,667.0,41.0,46.0
625.0,662.0,41.0,46.0
623.0,638.0,35.0,38.0
626.0,587.0,33.0,38.0
627.0,528.0,33.0,37.0
639.0,450.0,30.0,68.0
658.0,402.0,31.0,70.0
675.0,378.0,33.0,41.0
690.0,368.0,37.0,32.0
704.0,369.0,37.0,40.0
725.0,382.0,28.0,32.0
731.0,390.0,27.0,31.0
733.0,406.0,22.0,26.0
732.0,419.0,18.0,22.0
727.0,434.0,19.0,21.0
713.0,450.0,21.0,25.0
705.0,473.0,21.0,28.0
687.0,487.0,25.0,31.0
668.0,495.0,21.0,24.0
647.0,511.0,18.0,18.0
631.0,505.0,22.0,21.0
608.0,478.0,33.0,35.0
589.0,447.0,39.0,30.0
573.0,399.0,32.0,27.0
560.0,370.0,39.0,25.0
544.0,340.0,41.0,30.0
529.0,311.0,46.0,27.0
527.0,287.0,43.0,29.0
528.0,255.0,42.0,29.0
533.0,227.0,44.0,32.0
542.0,205.0,46.0,35.0
558.0,191.0,41.0,36.0
577.0,176.0,39.0,37.0
598.0,168.0,38.0,37.0
622.0,166.0,37.0,34.0
638.0,174.0,48.0,37.0
656.0,204.0,28.0,27.0
0
0
0
0
622.0,289.0,17.0,24.0
607.0,277.0,18.0,22.0
595.0,230.0,23.0,48.0
594.0,181.0,30.0,50.0
608.0,126.0,47.0,52.0
662.0,103.0,27.0,31.0
692.0,108.0,27.0,33.0
696.0,122.0,27.0,30.0
684.0,128.0,30.0,30.0
639.0,132.0,34.0,31.0
537.0,128.0,82.0,35.0
444.0,171.0,90.0,85.0
386.0,294.0,67.0,86.0
379.0,386.0,59.0,121.0
411.0,513.0,91.0,59.0
464.0,552.0,90.0,50.0
544.0,546.0,62.0,57.0
638.0,557.0,51.0,54.0
688.0,556.0,51.0,54.0
746.0,569.0,50.0,53.0
810.0,580.0,51.0,54.0
861.0,600.0,49.0,48.0
903.0,615.0,29.0,35.0
913.0,611.0,32.0,36.0
911.0,604.0,35.0,37.0
903.0,599.0,36.0,36.0
895.0,600.0,35.0,33.0
880.0,599.0,37.0,36.0
860.0,604.0,36.0,37.0
845.0,609.0,39.0,36.0
813.0,612.0,36.0,38.0
785.0,621.0,34.0,36.0
753.0,634.0,34.0,36.0
721.0,641.0,31.0,37.0
680.0,655.0,31.0,34.0
645.0,656.0,36.0,34.0
600.0,658.0,36.0,34.0
561.0,663.0,35.0,33.0
515.0,664.0,38.0,37.0
476.0,659.0,38.0,39.0
442.0,650.0,37.0,42.0
406.0,633.0,40.0,46.0
376.0,614.0,43.0,44.0
348.0,590.0,46.0,43.0
340.0,544.0,40.0,45.0
349.0,479.0,36.0,66.0
375.0,422.0,33.0,71.0
395.0,359.0,48.0,71.0
430.0,301.0,46.0,61.0
470.0,266.0,49.0,46.0
510.0,227.0,49.0,46.0
555.0,203.0,44.0,35.0
596.0,180.0,37.0,32.0
639.0,165.0,35.0,33.0
669.0,158.0,30.0,33.0
703.0,158.0,35.0,35.0
735.0,170.0,33.0,33.0
765.0,181.0,36.0,38.0
790.0,199.0,43.0,42.0
819.0,230.0,46.0,51.0
847.0,262.0,39.0,45.0
867.0,297.0,33.0,51.0
881.0,348.0,34.0,58.0
883.0,391.0,31.0,58.0
866.0,440.0,31.0,46.0
833.0,483.0,41.0,51.0
790.0,539.0,46.0,48.0
748.0,558.0,38.0,44.0
706.0,580.0,36.0,37.0
629.0,573.0,35.0,36.0
574.0,555.0,37.0,45.0
519.0,504.0,59.0,54.0
504.0,450.0,39.0,54.0
503.0,407.0,39.0,54.0
491.0,346.0,40.0,55.0
505.0,302.0,43.0,53.0
525.0,277.0,43.0,61.0
565.0,274.0,29.0,40.0
584.0,290.0,29.0,39.0
594.0,309.0,30.0,39.0
593.0,335.0,32.0,31.0
596.0,339.0,31.0,30.0
596.0,342.0,30.0,30.0
593.0,345.0,30.0,30.0
588.0,349.0,30.0,30.0
581.0,353.0,30.0,29.0
575.0,354.0,30.0,29.0
571.0,353.0,30.0,29.0
567.0,350.0,30.0,30.0
564.0,349.0,29.0,29.0
561.0,349.0,29.0,29.0
558.0,349.0,30.0,30.0
557.0,347.0,30.0,30.0
561.0,339.0,31.0,28.0
570.0,325.0,27.0,29.0
586.0,295.0,23.0,33.0
593.0,275.0,24.0,33.0
600.0,262.0,30.0,33.0
607.0,256.0,34.0,33.0
616.0,253.0,34.0,33.0
620.0,256.0,33.0,37.0
619.0,265.0,32.0,36.0
615.0,279.0,32.0,37.0
612.0,291.0,32.0,37.0
611.0,303.0,33.0,36.0
614.0,312.0,33.0,36.0
618.0,322.0,33.0,34.0
619.0,327.0,34.0,33.0
620.0,331.0,34.0,33.0
621.0,334.0,34.0,33.0
623.0,337.0,34.0,33.0
625.0,340.0,34.0,33.0
627.0,344.0,34.0,33.0
627.0,348.0,34.0,34.0
628.0,354.0,33.0,34.0
627.0,359.0,33.0,33.0
624.0,362.0,33.0,33.0
621.0,365.0,33.0,32.0
616.0,367.0,34.0,33.0
611.0,369.0,34.0,32.0
604.0,370.0,34.0,34.0
598.0,372.0,33.0,33.0
590.0,374.0,32.0,32.0
582.0,379.0,30.0,31.0
573.0,390.0,30.0,33.0
565.0,405.0,27.0,28.0
552.0,425.0,29.0,30.0
542.0,431.0,26.0,29.0
528.0,435.0,28.0,27.0
514.0,439.0,28.0,26.0
501.0,447.0,29.0,27.0
496.0,453.0,27.0,27.0
496.0,457.0,30.0,30.0
505.0,462.0,30.0,27.0
534.0,462.0,19.0,29.0
567.0,457.0,24.0,35.0
606.0,455.0,49.0,31.0
650.0,431.0,49.0,34.0
692.0,397.0,36.0,32.0
714.0,287.0,39.0,52.0
697.0,228.0,46.0,72.0
649.0,181.0,59.0,56.0
587.0,158.0,58.0,28.0
528.0,152.0,65.0,27.0
472.0,161.0,66.0,48.0
446.0,189.0,48.0,60.0
429.0,233.0,37.0,56.0
424.0,286.0,38.0,58.0
421.0,350.0,36.0,57.0
433.0,384.0,36.0,55.0
447.0,414.0,45.0,51.0
476.0,448.0,40.0,38.0
494.0,452.0,35.0,34.0
506.0,449.0,34.0,33.0
516.0,446.0,32.0,32.0
527.0,442.0,31.0,30.0
531.0,437.0,31.0,30.0
532.0,432.0,30.0,29.0
533.0,427.0,30.0,29.0
533.0,422.0,28.0,28.0
531.0,416.0,31.0,32.0
529.0,411.0,32.0,31.0
527.0,405.0,32.0,31.0
526.0,400.0,31.0,31.0
523.0,396.0,33.0,31.0
520.0,392.0,33.0,31.0
519.0,388.0,32.0,32.0
516.0,385.0,32.0,33.0
515.0,383.0,31.0,33.0
513.0,383.0,32.0,31.0
512.0,381.0,32.0,31.0
511.0,378.0,32.0,32.0
511.0,376.0,31.0,32.0
510.0,375.0,32.0,31.0
511.0,373.0,32.0,31.0
514.0,370.0,32.0,31.0
517.0,369.0,31.0,31.0
521.0,368.0,30.0,31.0
525.0,367.0,31.0,32.0
529.0,367.0,31.0,32.0
533.0,366.0,31.0,32.0
537.0,366.0,32.0,31.0
540.0,365.0,32.0,31.0
542.0,363.0,32.0,32.0
543.0,362.0,32.0,32.0
543.0,361.0,32.0,31.0
543.0,360.0,31.0,31.0
541.0,359.0,32.0,31.0
540.0,357.0,32.0,31.0
541.0,357.0,31.0,31.0
540.0,360.0,32.0,31.0
542.0,364.0,32.0,31.0
544.0,371.0,32.0,31.0
548.0,377.0,31.0,31.0
551.0,378.0,32.0,32.0
554.0,383.0,32.0,32.0
558.0,391.0,31.0,30.0
566.0,400.0,30.0,31.0
577.0,408.0,30.0,34.0
595.0,416.0,31.0,33.0
619.0,423.0,31.0,33.0
640.0,423.0,34.0,33.0
670.0,412.0,31.0,35.0
691.0,387.0,30.0,34.0
704.0,365.0,32.0,35.0
713.0,333.0,33.0,28.0
710.0,301.0,31.0,30.0
699.0,273.0,35.0,34.0
678.0,259.0,39.0,36.0
656.0,255.0,42.0,35.0
636.0,259.0,44.0,39.0
621.0,272.0,37.0,39.0
609.0,296.0,33.0,37.0
612.0,318.0,32.0,35.0
622.0,315.0,35.0,35.0
637.0,297.0,35.0,38.0
655.0,281.0,33.0,38.0
673.0,269.0,31.0,35.0
686.0,268.0,34.0,37.0
693.0,270.0,31.0,36.0
695.0,278.0,31.0,37.0
695.0,288.0,30.0,41.0
695.0,302.0,30.0,41.0
697.0,348.0,30.0,34.0
686.0,369.0,32.0,34.0
669.0,393.0,27.0,30.0
645.0,414.0,25.0,28.0
617.0,429.0,25.0,24.0
589.0,433.0,27.0,28.0
560.0,432.0,27.0,28.0
529.0,407.0,27.0,32.0
512.0,378.0,30.0,34.0
507.0,349.0,29.0,25.0
508.0,317.0,24.0,26.0
517.0,293.0,30.0,27.0
529.0,280.0,28.0,26.0
552.0,272.0,26.0,34.0
572.0,279.0,28.0,34.0
584.0,290.0,29.0,38.0
583.0,315.0,39.0,31.0
590.0,333.0,32.0,33.0
586.0,352.0,32.0,33.0
581.0,368.0,33.0,31.0
571.0,383.0,33.0,33.0
558.0,386.0,34.0,33.0
554.0,380.0,29.0,29.0
541.0,341.0,32.0,31.0
539.0,292.0,33.0,31.0
528.0,248.0,31.0,29.0
551.0,199.0,30.0,28.0
554.0,153.0,28.0,24.0
560.0,119.0,30.0,29.0
567.0,95.0,32.0,30.0
576.0,78.0,32.0,33.0
587.0,70.0,30.0,35.0
597.0,70.0,30.0,35.0
606.0,77.0,34.0,36.0
619.0,88.0,30.0,34.0
625.0,110.0,34.0,35.0
633.0,130.0,34.0,36.0
635.0,151.0,33.0,36.0
638.0,189.0,32.0,35.0
637.0,234.0,24.0,36.0
637.0,280.0,22.0,35.0
636.0,304.0,22.0,34.0
637.0,318.0,32.0,38.0
636.0,335.0,30.0,39.0
631.0,349.0,32.0,40.0
626.0,361.0,30.0,37.0
623.0,371.0,30.0,31.0
623.0,367.0,29.0,33.0
618.0,344.0,28.0,32.0
613.0,300.0,25.0,31.0
603.0,246.0,28.0,31.0
598.0,185.0,27.0,30.0
592.0,145.0,27.0,36.0
586.0,112.0,27.0,32.0
585.0,85.0,27.0,28.0
588.0,67.0,26.0,29.0
591.0,58.0,28.0,33.0
591.0,53.0,31.0,35.0
593.0,55.0,33.0,37.0
599.0,64.0,31.0,34.0
605.0,93.0,30.0,27.0
617.0,125.0,26.0,25.0
631.0,157.0,23.0,30.0
642.0,215.0,22.0,29.0
642.0,264.0,20.0,27.0
631.0,310.0,22.0,30.0
616.0,343.0,28.0,37.0
602.0,373.0,26.0,29.0
592.0,385.0,28.0,33.0
585.0,394.0,28.0,33.0
584.0,396.0,30.0,36.0
584.0,396.0,33.0,37.0
586.0,395.0,31.0,33.0
587.0,388.0,31.0,33.0
590.0,380.0,30.0,35.0
594.0,370.0,29.0,33.0
599.0,358.0,29.0,34.0
602.0,343.0,32.0,35.0
606.0,324.0,33.0,34.0
613.0,308.0,32.0,34.0
617.0,296.0,31.0,33.0
622.0,285.0,29.0,32.0
624.0,277.0,28.0,29.0
623.0,270.0,28.0,28.0
620.0,267.0,28.0,29.0
616.0,267.0,28.0,31.0
609.0,270.0,28.0,32.0
600.0,279.0,30.0,32.0
591.0,285.0,28.0,35.0
583.0,298.0,28.0,29.0
574.0,304.0,28.0,31.0
565.0,309.0,28.0,33.0
557.0,317.0,25.0,31.0
548.0,321.0,24.0,31.0
539.0,326.0,24.0,27.0
529.0,330.0,26.0,26.0
522.0,328.0,27.0,28.0
517.0,328.0,26.0,30.0
513.0,329.0,26.0,29.0
509.0,329.0,27.0,30.0
505.0,329.0,31.0,30.0
502.0,328.0,29.0,32.0
500.0,328.0,31.0,31.0
500.0,328.0,31.0,32.0
499.0,328.0,30.0,32.0
499.0,328.0,31.0,32.0
499.0,328.0,32.0,33.0
500.0,328.0,33.0,33.0
503.0,329.0,31.0,33.0
506.0,330.0,32.0,34.0
511.0,333.0,32.0,32.0
519.0,334.0,30.0,33.0
528.0,339.0,28.0,29.0
535.0,342.0,28.0,29.0
543.0,348.0,27.0,27.0
550.0,349.0,27.0,30.0
555.0,353.0,29.0,30.0
563.0,353.0,28.0,34.0
567.0,358.0,30.0,34.0
570.0,362.0,30.0,33.0
574.0,366.0,27.0,35.0
574.0,373.0,30.0,33.0
576.0,379.0,31.0,34.0
577.0,386.0,32.0,34.0
580.0,394.0,31.0,35.0
583.0,402.0,32.0,36.0
587.0,406.0,32.0,36.0
595.0,416.0,31.0,35.0
605.0,423.0,31.0,34.0
619.0,433.0,29.0,34.0
642.0,432.0,27.0,33.0
666.0,436.0,25.0,37.0
690.0,441.0,27.0,30.0
719.0,441.0,24.0,29.0
742.0,423.0,27.0,28.0
773.0,404.0,27.0,27.0
787.0,376.0,30.0,29.0
785.0,341.0,32.0,28.0
771.0,311.0,39.0,31.0
753.0,293.0,41.0,32.0
733.0,280.0,38.0,31.0
718.0,281.0,36.0,30.0
698.0,292.0,31.0,30.0
689.0,321.0,25.0,27.0
687.0,341.0,24.0,26.0
687.0,356.0,25.0,26.0
685.0,374.0,30.0,26.0
686.0,382.0,30.0,29.0
686.0,390.0,29.0,30.0
685.0,395.0,29.0,30.0
684.0,399.0,29.0,29.0
683.0,401.0,29.0,29.0
682.0,400.0,29.0,29.0
680.0,399.0,29.0,29.0
677.0,394.0,29.0,29.0
671.0,382.0,30.0,29.0
668.0,357.0,30.0,30.0
668.0,330.0,30.0,31.0
675.0,303.0,31.0,31.0
680.0,282.0,32.0,32.0
688.0,267.0,31.0,31.0
698.0,264.0,29.0,31.0
704.0,265.0,31.0,31.0
709.0,271.0,32.0,36.0
711.0,279.0,35.0,40.0
714.0,300.0,34.0,37.0
716.0,333.0,31.0,35.0
708.0,367.0,31.0,37.0
694.0,395.0,30.0,36.0
666.0,422.0,30.0,36.0
628.0,445.0,30.0,36.0
585.0,446.0,29.0,35.0
555.0,438.0,29.0,35.0
527.0,413.0,28.0,34.0
509.0,381.0,28.0,34.0
502.0,348.0,28.0,32.0
506.0,317.0,30.0,30.0
516.0,294.0,30.0,33.0
532.0,282.0,31.0,29.0
544.0,278.0,34.0,32.0
547.0,277.0,37.0,32.0
585.0,295.0,33.0,34.0
600.0,319.0,31.0,32.0
610.0,348.0,31.0,33.0
608.0,367.0,31.0,34.0
602.0,385.0,31.0,37.0
599.0,401.0,29.0,30.0
595.0,404.0,30.0,29.0
591.0,405.0,30.0,30.0
588.0,404.0,30.0,30.0
586.0,400.0,30.0,31.0
584.0,392.0,30.0,33.0
586.0,383.0,28.0,31.0
591.0,371.0,27.0,29.0
594.0,357.0,30.0,29.0
605.0,337.0,30.0,33.0
619.0,317.0,31.0,34.0
633.0,299.0,31.0,35.0
647.0,287.0,33.0,34.0
663.0,270.0,34.0,35.0
669.0,257.0,31.0,34.0
669.0,249.0,31.0,32.0
665.0,247.0,31.0,31.0
659.0,250.0,29.0,32.0
650.0,260.0,29.0,34.0
639.0,277.0,31.0,31.0
632.0,287.0,31.0,32.0
625.0,297.0,33.0,34.0
620.0,305.0,33.0,35.0
615.0,312.0,32.0,37.0
613.0,322.0,30.0,33.0
612.0,323.0,29.0,31.0
613.0,319.0,30.0,29.0
622.0,302.0,31.0,31.0
634.0,280.0,31.0,34.0
650.0,256.0,32.0,38.0
656.0,245.0,33.0,34.0
660.0,237.0,31.0,32.0
660.0,237.0,32.0,32.0
663.0,242.0,30.0,33.0
663.0,258.0,31.0,34.0
659.0,277.0,30.0,33.0
654.0,297.0,30.0,32.0
650.0,313.0,31.0,32.0
645.0,329.0,32.0,33.0
641.0,341.0,33.0,33.0
638.0,351.0,32.0,30.0
634.0,357.0,31.0,30.0
628.0,362.0,31.0,30.0
620.0,367.0,30.0,30.0
613.0,369.0,30.0,29.0
608.0,368.0,29.0,29.0
605.0,365.0,28.0,29.0
601.0,362.0,30.0,29.0
599.0,363.0,30.0,30.0
597.0,368.0,30.0,32.0
595.0,380.0,30.0,32.0
595.0,396.0,29.0,31.0
597.0,404.0,28.0,30.0
602.0,404.0,29.0,29.0
608.0,402.0,29.0,30.0
616.0,403.0,31.0,29.0
625.0,405.0,32.0,29.0
637.0,409.0,32.0,29.0
646.0,410.0,33.0,30.0
656.0,412.0,33.0,29.0
664.0,416.0,33.0,30.0
671.0,424.0,31.0,30.0
677.0,436.0,31.0,31.0
678.0,445.0,30.0,31.0
673.0,455.0,31.0,31.0
668.0,467.0,29.0,30.0
656.0,476.0,28.0,29.0
639.0,483.0,29.0,30.0
623.0,498.0,29.0,30.0
591.0,504.0,27.0,29.0
557.0,502.0,33.0,33.0
523.0,498.0,32.0,29.0
488.0,477.0,31.0,30.0
458.0,447.0,43.0,43.0
437.0,419.0,36.0,39.0
416.0,374.0,33.0,43.0
387.0,343.0,31.0,42.0
374.0,317.0,32.0,42.0
352.0,306.0,33.0,39.0
343.0,289.0,33.0,39.0
356.0,267.0,35.0,41.0
380.0,251.0,34.0,39.0
404.0,240.0,33.0,33.0
435.0,233.0,44.0,24.0
470.0,227.0,45.0,25.0
528.0,229.0,35.0,26.0
537.0,248.0,32.0,30.0
542.0,256.0,26.0,33.0
543.0,270.0,25.0,33.0
537.0,278.0,34.0,35.0
535.0,277.0,34.0,36.0
535.0,270.0,32.0,38.0
532.0,256.0,30.0,39.0
530.0,239.0,29.0,35.0
530.0,221.0,30.0,33.0
530.0,192.0,30.0,31.0
541.0,164.0,26.0,28.0
550.0,140.0,24.0,26.0
0
640.0,70.0,24.0,26.0
682.0,72.0,21.0,25.0
712.0,94.0,22.0,24.0
724.0,112.0,22.0,24.0
728.0,122.0,30.0,34.0
704.0,126.0,42.0,31.0
681.0,122.0,40.0,35.0
588.0,134.0,70.0,34.0
502.0,168.0,91.0,73.0
458.0,252.0,45.0,73.0
420.0,378.0,41.0,72.0
451.0,502.0,86.0,48.0
473.0,509.0,87.0,55.0
556.0,546.0,81.0,49.0
636.0,545.0,81.0,49.0
720.0,568.0,61.0,49.0
778.0,567.0,61.0,49.0
831.0,602.0,58.0,40.0
911.0,615.0,54.0,44.0
967.0,634.0,35.0,40.0
988.0,624.0,40.0,39.0
1000.0,613.0,42.0,40.0
1009.0,604.0,43.0,41.0
1014.0,598.0,42.0,40.0
1013.0,594.0,42.0,40.0
1009.0,594.0,42.0,40.0
1002.0,598.0,41.0,41.0
990.0,605.0,43.0,42.0
975.0,613.0,41.0,40.0
944.0,627.0,43.0,32.0
913.0,630.0,46.0,33.0
889.0,637.0,39.0,34.0
844.0,631.0,37.0,43.0
802.0,638.0,37.0,38.0
758.0,644.0,36.0,32.0
700.0,645.0,43.0,31.0
660.0,644.0,43.0,31.0
623.0,654.0,40.0,34.0
572.0,653.0,45.0,36.0
532.0,649.0,41.0,40.0
497.0,638.0,40.0,36.0
470.0,617.0,31.0,39.0
447.0,600.0,34.0,34.0
429.0,560.0,30.0,39.0
422.0,522.0,28.0,41.0
418.0,482.0,31.0,40.0
421.0,437.0,31.0,40.0
435.0,407.0,30.0,33.0
445.0,379.0,34.0,40.0
466.0,349.0,30.0,28.0
488.0,333.0,28.0,29.0
514.0,319.0,29.0,30.0
532.0,319.0,27.0,31.0
550.0,330.0,33.0,36.0
561.0,342.0,30.0,39.0
567.0,366.0,26.0,33.0
564.0,382.0,29.0,32.0
558.0,383.0,30.0,35.0
553.0,384.0,31.0,35.0
551.0,381.0,31.0,35.0
550.0,377.0,31.0,37.0
549.0,374.0,31.0,36.0
548.0,370.0,32.0,37.0
547.0,367.0,32.0,34.0
548.0,363.0,30.0,36.0
548.0,359.0,32.0,36.0
550.0,357.0,31.0,34.0
551.0,354.0,32.0,35.0
552.0,352.0,33.0,34.0
556.0,351.0,31.0,34.0
557.0,350.0,32.0,34.0
559.0,351.0,32.0,33.0
562.0,350.0,32.0,34.0
568.0,344.0,32.0,36.0
577.0,335.0,32.0,27.0
581.0,303.0,29.0,32.0
564.0,259.0,27.0,45.0
541.0,236.0,35.0,38.0
522.0,225.0,30.0,34.0
502.0,221.0,30.0,31.0
482.0,224.0,32.0,28.0
464.0,238.0,27.0,25.0
448.0,254.0,25.0,25.0
439.0,270.0,29.0,31.0
439.0,302.0,32.0,35.0
443.0,315.0,34.0,35.0
454.0,334.0,27.0,29.0
464.0,350.0,28.0,29.0
473.0,365.0,27.0,29.0
479.0,377.0,26.0,29.0
481.0,387.0,27.0,31.0
484.0,392.0,27.0,34.0
485.0,400.0,27.0,31.0
485.0,406.0,26.0,33.0
483.0,409.0,28.0,38.0
482.0,412.0,30.0,39.0
482.0,416.0,29.0,37.0
482.0,418.0,29.0,37.0
483.0,420.0,31.0,36.0
487.0,419.0,28.0,33.0
494.0,411.0,27.0,34.0
503.0,399.0,27.0,32.0
511.0,383.0,29.0,34.0
525.0,367.0,26.0,35.0
538.0,351.0,26.0,35.0
553.0,336.0,27.0,26.0
569.0,321.0,26.0,28.0
584.0,307.0,25.0,30.0
594.0,295.0,30.0,30.0
0
0
558.0,260.0,28.0,27.0
543.0,273.0,42.0,36.0
536.0,307.0,36.0,31.0
537.0,331.0,25.0,39.0
540.0,353.0,30.0,41.0
547.0,384.0,29.0,36.0
549.0,404.0,32.0,30.0
560.0,428.0,32.0,31.0
566.0,439.0,26.0,33.0
560.0,446.0,32.0,35.0
552.0,448.0,31.0,33.0
543.0,440.0,25.0,31.0
527.0,422.0,25.0,32.0
517.0,402.0,24.0,31.0
505.0,365.0,24.0,25.0
511.0,330.0,25.0,38.0
533.0,318.0,28.0,24.0
551.0,314.0,27.0,28.0
574.0,324.0,26.0,28.0
574.0,336.0,25.0,33.0
556.0,353.0,25.0,29.0
511.0,365.0,42.0,21.0
491.0,352.0,26.0,31.0
467.0,318.0,26.0,30.0
471.0,286.0,27.0,26.0
485.0,262.0,28.0,28.0
503.0,252.0,34.0,34.0
527.0,256.0,31.0,30.0
547.0,277.0,30.0,30.0
553.0,285.0,28.0,36.0
556.0,312.0,25.0,28.0
543.0,324.0,27.0,28.0
533.0,332.0,23.0,26.0
517.0,333.0,21.0,24.0
499.0,328.0,24.0,26.0
485.0,321.0,25.0,27.0
477.0,314.0,27.0,29.0
470.0,309.0,29.0,31.0
465.0,301.0,31.0,35.0
463.0,300.0,33.0,35.0
463.0,297.0,33.0,36.0
464.0,296.0,33.0,37.0
466.0,298.0,33.0,37.0
469.0,304.0,30.0,35.0
471.0,310.0,30.0,35.0
472.0,312.0,31.0,35.0
474.0,314.0,30.0,36.0
477.0,317.0,31.0,34.0
481.0,318.0,31.0,34.0
487.0,317.0,30.0,33.0
494.0,318.0,30.0,32.0
501.0,317.0,29.0,34.0
512.0,318.0,31.0,35.0
520.0,319.0,33.0,32.0
533.0,319.0,32.0,32.0
545.0,320.0,32.0,31.0
559.0,320.0,28.0,32.0
572.0,320.0,27.0,31.0
582.0,320.0,27.0,30.0
591.0,323.0,27.0,31.0
597.0,328.0,25.0,32.0
600.0,340.0,26.0,27.0
603.0,353.0,25.0,26.0
603.0,365.0,24.0,23.0
599.0,370.0,26.0,28.0
592.0,374.0,28.0,28.0
585.0,379.0,26.0,27.0
578.0,380.0,28.0,28.0
570.0,383.0,30.0,29.0
563.0,381.0,31.0,35.0
559.0,384.0,29.0,32.0
554.0,383.0,30.0,33.0
549.0,380.0,30.0,33.0
544.0,376.0,31.0,33.0
543.0,374.0,30.0,32.0
541.0,370.0,30.0,32.0
539.0,369.0,30.0,31.0
539.0,367.0,32.0,31.0
540.0,361.0,32.0,31.0
544.0,350.0,26.0,29.0
542.0,335.0,26.0,28.0
533.0,315.0,29.0,27.0
521.0,300.0,30.0,28.0
512.0,286.0,27.0,28.0
505.0,279.0,25.0,26.0
498.0,276.0,26.0,24.0
490.0,277.0,28.0,25.0
485.0,281.0,29.0,26.0
481.0,292.0,27.0,27.0
479.0,305.0,28.0,26.0
480.0,318.0,28.0,26.0
485.0,326.0,29.0,27.0
494.0,334.0,28.0,27.0
509.0,336.0,25.0,30.0
525.0,339.0,25.0,25.0
546.0,326.0,25.0,23.0
562.0,310.0,26.0,24.0
577.0,283.0,23.0,25.0
586.0,261.0,22.0,25.0
582.0,229.0,29.0,29.0
575.0,216.0,27.0,26.0
560.0,210.0,33.0,29.0
546.0,212.0,33.0,28.0
534.0,221.0,32.0,30.0
527.0,236.0,31.0,28.0
525.0,255.0,30.0,32.0
530.0,273.0,29.0,31.0
558.0,287.0,28.0,30.0
588.0,286.0,28.0,30.0
612.0,270.0,27.0,24.0
628.0,241.0,25.0,23.0
615.0,208.0,26.0,23.0
598.0,187.0,28.0,27.0
575.0,177.0,31.0,31.0
547.0,177.0,33.0,28.0
526.0,188.0,33.0,29.0
507.0,208.0,29.0,33.0
492.0,241.0,25.0,31.0
481.0,275.0,27.0,24.0
478.0,308.0,27.0,26.0
490.0,335.0,25.0,26.0
512.0,351.0,28.0,29.0
538.0,364.0,24.0,28.0
561.0,374.0,27.0,26.0
581.0,379.0,26.0,26.0
599.0,381.0,29.0,29.0
615.0,383.0,32.0,34.0
621.0,385.0,34.0,34.0
626.0,392.0,31.0,32.0
625.0,398.0,33.0,34.0
623.0,411.0,30.0,31.0
607.0,417.0,29.0,29.0
591.0,423.0,32.0,30.0
566.0,421.0,29.0,30.0
549.0,409.0,24.0,26.0
532.0,390.0,28.0,28.0
526.0,355.0,27.0,35.0
531.0,326.0,25.0,35.0
542.0,297.0,30.0,41.0
565.0,278.0,26.0,29.0
584.0,270.0,33.0,30.0
615.0,270.0,33.0,40.0
640.0,284.0,33.0,38.0
647.0,311.0,32.0,35.0
663.0,348.0,28.0,34.0
680.0,383.0,26.0,34.0
679.0,430.0,25.0,32.0
674.0,464.0,29.0,34.0
666.0,503.0,28.0,33.0
641.0,533.0,31.0,36.0
614.0,554.0,36.0,41.0
593.0,572.0,34.0,40.0
559.0,581.0,35.0,40.0
533.0,586.0,35.0,34.0
509.0,580.0,24.0,34.0
483.0,563.0,27.0,39.0
463.0,536.0,34.0,36.0
462.0,507.0,30.0,36.0
463.0,464.0,31.0,37.0
469.0,421.0,30.0,36.0
492.0,373.0,33.0,36.0
524.0,341.0,31.0,35.0
561.0,317.0,33.0,30.0
580.0,312.0,29.0,29.0
616.0,315.0,26.0,29.0
639.0,328.0,26.0,28.0
664.0,340.0,23.0,28.0
674.0,359.0,30.0,28.0
683.0,373.0,32.0,30.0
686.0,390.0,32.0,27.0
686.0,409.0,31.0,33.0
678.0,424.0,31.0,34.0
665.0,435.0,34.0,33.0
652.0,447.0,33.0,33.0
639.0,453.0,32.0,32.0
620.0,448.0,31.0,32.0
600.0,436.0,26.0,32.0
578.0,426.0,26.0,27.0
558.0,423.0,27.0,28.0
543.0,415.0,26.0,29.0
546.0,377.0,29.0,30.0
551.0,337.0,33.0,33.0
574.0,299.0,32.0,32.0
577.0,237.0,54.0,49.0
624.0,199.0,51.0,30.0
663.0,185.0,26.0,25.0
669.0,174.0,25.0,28.0
672.0,183.0,26.0,28.0
676.0,203.0,26.0,27.0
0
0
0
0
676.0,286.0,21.0,17.0
674.0,303.0,20.0,20.0
669.0,314.0,20.0,22.0
666.0,326.0,25.0,28.0
653.0,320.0,22.0,28.0
630.0,293.0,25.0,34.0
622.0,263.0,25.0,33.0
619.0,212.0,28.0,42.0
630.0,166.0,35.0,49.0
657.0,144.0,42.0,33.0
702.0,140.0,34.0,26.0
719.0,139.0,30.0,31.0
715.0,134.0,33.0,34.0
681.0,131.0,33.0,36.0
601.0,124.0,65.0,41.0
521.0,166.0,78.0,77.0
464.0,253.0,49.0,81.0
445.0,335.0,38.0,83.0
447.0,441.0,67.0,114.0
489.0,514.0,38.0,50.0
526.0,560.0,39.0,35.0
566.0,562.0,38.0,44.0
602.0,584.0,37.0,43.0
640.0,606.0,32.0,35.0
662.0,623.0,29.0,36.0
687.0,639.0,31.0,34.0
698.0,641.0,32.0,33.0
703.0,639.0,32.0,34.0
723.0,653.0,32.0,30.0
730.0,652.0,31.0,31.0
736.0,653.0,31.0,29.0
736.0,655.0,31.0,30.0
736.0,657.0,30.0,31.0
735.0,661.0,30.0,30.0
732.0,665.0,30.0,31.0
727.0,672.0,30.0,29.0
722.0,677.0,30.0,27.0
715.0,680.0,29.0,26.0
704.0,685.0,34.0,27.0
697.0,690.0,33.0,29.0
690.0,693.0,33.0,27.0
679.0,691.0,35.0,27.0
674.0,682.0,33.0,37.0
669.0,667.0,35.0,39.0
669.0,646.0,29.0,27.0
670.0,588.0,35.0,37.0
672.0,544.0,33.0,36.0
678.0,506.0,41.0,36.0
686.0,460.0,31.0,27.0
689.0,438.0,26.0,28.0
695.0,403.0,23.0,29.0
699.0,382.0,23.0,29.0
704.0,361.0,31.0,34.0
709.0,354.0,30.0,32.0
713.0,352.0,32.0,33.0
717.0,356.0,32.0,32.0
721.0,365.0,32.0,32.0
724.0,378.0,33.0,35.0
727.0,397.0,33.0,36.0
732.0,424.0,32.0,35.0
734.0,445.0,33.0,37.0
737.0,481.0,28.0,31.0
730.0,495.0,29.0,28.0
727.0,489.0,27.0,28.0
711.0,447.0,29.0,29.0
703.0,410.0,29.0,32.0
690.0,370.0,29.0,31.0
681.0,321.0,28.0,42.0
671.0,279.0,22.0,44.0
663.0,227.0,27.0,29.0
662.0,190.0,44.0,28.0
670.0,157.0,44.0,41.0
665.0,143.0,47.0,39.0
664.0,132.0,47.0,47.0
