156,72,159,158
164,74,158,156
172,70,161,157
181,70,161,157
193,69,158,157
205,67,156,157
218,66,156,157
233,64,153,157
250,63,151,155
265,62,151,154
282,62,153,152
300,60,152,154
319,58,148,154
333,58,152,152
350,55,152,154
369,54,148,156
385,54,148,154
399,53,150,154
416,51,150,154
432,51,150,154
448,52,149,152
463,54,150,151
479,55,149,151
493,55,149,151
508,55,149,151
523,59,149,151
536,60,149,150
550,62,148,150
562,64,148,150
575,67,148,150
587,69,147,149
598,72,147,148
610,75,145,148
619,77,145,148
629,80,145,148
638,83,144,148
647,86,144,148
654,94,143,142
661,99,143,138
668,101,142,138
675,102,141,137
682,104,141,136
685,104,143,139
690,105,143,138
691,106,143,136
691,106,143,135
691,107,141,133
691,107,139,131
689,107,139,132
688,107,138,131
686,108,138,131
684,107,138,131
682,106,136,129
680,106,135,127
677,104,133,128
673,103,133,127
669,103,133,126
666,104,132,127
663,106,132,127
661,110,132,128
659,114,133,128
658,117,133,128
658,119,132,127
658,119,132,126
658,116,132,126
659,114,132,125
660,112,132,125
662,111,132,125
664,111,132,126
667,111,132,127
668,111,133,130
670,114,135,129
672,116,135,129
674,117,135,130
676,118,135,130
677,118,137,130
679,117,136,131
680,117,137,132
680,118,138,132
681,119,138,132
681,119,138,133
680,121,139,134
680,122,139,134
680,123,140,136
678,124,141,136
677,126,141,136
676,128,142,136
675,129,142,138
673,131,144,140
673,134,145,140
673,137,145,141
675,140,145,142
674,142,147,143
677,145,146,143
678,146,149,147
680,149,150,148
682,153,151,148
685,157,152,150
688,161,153,152
691,166,152,153
694,171,152,154
696,176,153,154
698,180,153,155
699,183,153,156
698,187,155,155
698,189,155,156
697,193,156,155
696,196,157,155
696,199,157,155
695,201,157,155
694,203,157,155
692,204,157,157
689,204,158,157
686,204,159,157
683,205,158,154
679,205,159,154
676,204,158,155
672,204,159,155
668,204,159,155
664,204,159,155
660,204,159,155
655,205,159,155
650,206,160,155
645,206,159,157
639,208,160,157
634,210,162,157
630,211,162,157
626,213,162,157
622,214,162,158
619,216,162,159
616,216,162,159
613,216,162,159
610,216,163,160
607,217,163,160
604,218,163,161
601,218,163,161
598,219,164,162
596,220,164,162
593,220,163,162
590,220,164,162
588,219,165,163
586,220,165,162
584,218,166,163
582,218,166,165
582,218,166,165
581,218,166,165
581,218,166,166
581,219,165,166
580,219,164,166
579,220,165,166
578,221,164,166
576,221,166,166
575,222,166,166
575,223,165,166
573,223,166,168
572,224,166,167
571,224,167,167
570,225,167,167
568,227,167,167
568,229,167,167
566,230,169,167
566,232,169,167
564,233,170,168
565,235,169,169
564,237,169,169
564,239,169,169
565,242,169,168
565,244,169,169
565,246,168,169
564,249,169,168
564,251,169,169
564,252,169,169
564,253,169,170
564,254,169,171
564,255,169,171
562,256,171,171
563,256,171,171
563,256,172,170
564,255,173,172
566,254,173,173
566,253,173,174
567,253,174,174
567,252,174,174
568,253,174,174
569,254,174,175
569,255,175,175
571,257,175,175
570,258,176,176
570,260,176,175
570,261,175,176
567,261,177,178
565,261,177,178
564,263,177,178
562,264,177,178
561,265,177,178
560,266,177,177
559,268,176,176
557,268,177,177
556,269,176,177
555,269,176,177
552,270,176,176
550,271,176,176
548,271,176,176
546,273,175,175
542,274,175,173
539,274,175,172
536,274,174,172
532,274,174,172
529,274,174,172
526,274,173,171
523,274,172,172
520,273,172,172
517,274,172,171
514,275,172,170
512,276,171,170
509,276,172,172
507,278,171,171
505,280,171,171
503,281,171,171
499,281,171,171
496,281,171,170
493,281,171,168
489,279,171,169
485,276,170,169
481,272,170,168
477,267,170,168
474,263,171,169
469,259,171,169
466,256,171,169
461,255,171,169
456,253,171,170
452,252,171,170
448,250,171,170
444,250,171,170
442,250,171,170
440,250,170,170
438,251,171,170
436,252,171,170
434,254,171,170
433,257,169,169
433,258,169,170
433,260,169,169
435,260,169,169
438,260,169,169
441,261,168,169
444,262,168,169
446,264,169,170
450,269,168,170
453,273,167,170
455,277,166,169
455,279,166,170
454,281,167,170
453,281,168,169
454,279,167,169
454,276,168,169
454,274,167,168
451,271,168,168
450,270,167,169
449,270,168,169
449,270,169,169
451,270,169,169
453,270,168,170
454,270,169,169
455,270,170,168
456,269,169,169
456,269,169,169
455,270,170,169
453,270,170,169
453,270,170,169
455,271,168,169
455,271,170,169
457,272,169,170
457,272,170,169
459,273,170,169
461,274,170,169
462,275,170,169
461,277,170,170
459,278,170,170
457,279,170,170
455,279,170,170
452,278,170,170
449,278,170,169
447,277,170,169
444,276,170,169
441,275,170,169
435,274,170,169
430,273,168,170
424,271,169,169
419,269,169,168
415,265,169,169
414,261,169,169
413,257,168,168
410,251,169,169
405,245,170,168
400,238,170,168
395,230,170,168
389,222,170,167
384,212,170,166
380,203,171,165
376,191,172,165
373,179,172,164
371,165,171,164
371,151,169,165
370,136,169,164
371,122,168,163
372,108,168,163
375,95,168,163
378,82,168,163
384,68,167,163
391,56,167,163
401,46,166,163
411,36,165,163
422,27,163,163
431,20,163,163
441,13,163,165
452,10,163,165
462,8,161,165
470,8,161,165
478,9,161,165
485,11,161,164
491,12,161,164
497,14,161,164
500,14,161,164
503,16,160,163
505,18,159,163
504,21,160,162
502,22,160,163
500,25,160,163
497,28,160,163
492,30,160,163
488,33,159,163
481,35,160,162
474,38,160,162
466,39,161,163
458,41,161,164
448,45,162,164
439,47,163,165
428,51,165,167
418,57,165,168
406,68,167,170
395,82,169,172
385,101,169,172
376,125,170,172
372,151,169,173
370,181,170,172
372,212,170,172
379,249,165,166
384,286,168,160
385,315,171,166
389,343,167,164
388,372,176,140
392,389,182,121
401,363,173,141
407,339,161,155
413,313,155,151
408,294,167,142
411,275,166,140
416,248,154,151
414,231,154,150
408,216,161,141
406,200,160,140
410,184,151,142
407,169,146,139
398,158,156,138
394,148,154,140
396,139,143,137
388,125,146,142
379,120,151,140
377,113,142,137
373,106,139,137
364,99,144,141
358,99,141,136
357,93,136,134
350,86,137,136
343,81,140,136
341,81,134,134
339,80,129,131
333,75,133,134
329,75,134,129
329,74,128,129
331,74,125,131
328,75,130,129
330,77,127,121
333,74,121,123
334,71,121,125
332,74,123,119
334,75,122,117
336,74,118,118
337,75,121,116
341,79,119,111
348,79,113,111
350,78,113,114
352,80,117,109
357,82,112,107
362,81,108,108
365,81,110,108
368,83,111,102
373,83,106,103
375,83,107,103
377,83,107,99
379,81,108,100
384,79,104,101
385,77,107,101
387,75,106,100
387,76,103,98
390,73,100,100
389,73,102,96
391,74,103,97
394,73,99,99
394,75,100,95
395,77,101,92
396,76,99,96
397,76,98,96
397,77,100,94
397,77,101,94
400,78,97,94
402,76,96,94
403,77,96,90
406,75,94,92
410,73,90,92
410,73,94,90
413,72,94,89
416,71,92,89
420,70,89,89
420,71,92,86
422,71,92,87
422,71,92,87
423,71,91,86
424,71,91,86
427,73,89,84
429,73,87,82
431,72,88,82
434,71,87,82
436,69,85,83
439,69,83,82
438,69,86,82
440,73,83,79
442,72,81,81
442,71,83,81
444,70,82,83
445,70,81,83
446,68,78,83
445,66,80,84
445,64,79,85
446,64,77,82
445,65,77,80
444,63,79,82
444,62,79,84
444,63,77,83
442,64,78,83
440,66,80,82
440,69,78,81
440,73,77,76
438,72,80,79
438,72,80,80
439,76,78,76
439,78,77,77
437,81,79,75
438,85,78,75
437,90,77,73
437,92,77,74
435,96,78,73
434,98,76,74
433,102,75,75
431,106,76,74
429,109,76,75
429,112,73,76
427,117,73,76
424,121,74,74
423,126,73,75
422,131,71,75
419,135,72,75
416,141,73,72
415,146,70,72
413,150,70,72
411,154,71,70
410,157,69,70
408,159,69,72
406,163,69,72
404,166,70,71
404,169,66,70
402,174,66,68
401,179,67,67
400,182,66,67
400,186,65,68
399,191,64,67
398,196,65,67
398,199,62,69
397,204,62,68
393,208,65,68
391,211,63,67
389,214,62,66
387,218,62,63
384,222,63,64
381,227,63,63
379,230,60,61
376,236,64,59
374,242,62,59
372,248,62,57
369,252,63,62
