m178,174,38,46,14,11,25,15,21,19,17,22,15,25,12,27,10,29,8,31,6,33,5,33,4,35,3,35,3,35,2,37,1,568,1,37,1,37,1,36,3,35,3,35,3,34,5,33,5,33,5,33,5,32,7,31,7,30,9,28,11,26,13,23,16,18,22,13,16
m183,129,40,44,18,5,32,10,27,14,24,17,21,21,18,24,15,26,13,28,11,30,9,31,9,32,7,33,7,34,5,35,5,36,3,37,3,38,2,38,2,39,1,39,1,39,1,39,1,240,1,39,1,39,1,39,2,38,2,37,4,36,4,35,6,33,7,32,9,30,11,28,13,27,14,25,17,22,20,19,27,11,11
m190,104,38,43,12,10,26,14,22,20,17,23,14,25,12,27,10,29,8,31,6,33,5,34,3,36,2,36,1,456,1,37,1,37,1,37,1,37,1,37,2,36,2,36,3,35,3,34,5,33,6,31,7,30,9,28,11,26,13,24,15,22,18,19,21,16,25,11,11
m197,93,38,43,18,8,28,13,21,19,16,23,13,26,11,28,9,30,7,32,5,33,5,34,3,35,3,35,3,35,2,36,2,37,1,37,1,37,1,37,1,265,1,37,1,37,1,37,2,36,2,35,3,35,4,34,4,33,6,32,6,31,7,31,8,29,9,28,11,26,13,24,15,22,18,19,21,15,11
m204,100,38,41,12,8,26,14,22,20,17,23,14,25,12,27,11,28,9,30,8,30,7,32,6,33,4,34,4,35,3,36,2,37,1,37,1,228,1,37,1,37,1,37,1,37,1,37,1,37,2,36,2,36,2,36,3,34,4,34,5,32,7,30,9,28,11,26,13,24,16,20,21,15,25,10,13
m210,121,39,45,15,6,31,10,27,13,24,16,21,19,19,22,16,25,13,27,11,29,9,31,8,31,7,33,6,34,4,36,3,36,3,37,2,37,2,38,1,38,1,38,1,507,1,38,1,38,2,37,3,35,5,34,6,32,8,30,11,27,13,24,17,21,20,17,24,13,11
m215,161,42,45,15,7,33,11,28,15,25,21,20,24,17,26,15,28,13,30,11,32,10,33,8,35,7,36,6,36,6,37,4,39,3,40,2,40,2,41,1,377,1,40,2,40,3,38,4,38,5,37,6,36,7,34,8,34,8,33,10,32,10,31,12,29,14,27,16,25,18,23,20,20,24,16,30,9,16
m220,217,40,45,18,9,26,16,22,21,18,24,15,26,12,29,10,31,8,33,6,34,5,36,3,37,3,38,1,39,1,559,1,39,1,39,1,38,3,37,3,36,5,35,5,35,6,34,6,33,8,32,9,30,11,28,13,26,15,24,17,21,21,17,26,12,30,8,15
m225,280,44,49,23,5,34,12,26,19,23,22,21,25,18,27,16,29,14,31,12,32,11,34,10,35,8,37,7,38,6,39,4,41,3,41,2,43,1,43,1,43,1,439,1,43,1,43,1,43,1,43,1,43,2,42,2,42,2,42,3,40,4,40,5,39,5,38,7,37,8,35,10,33,12,31,15,28,18,24,22,21,25,17,11
m225,335,44,43,18,10,32,14,25,21,20,26,16,29,14,31,12,34,9,36,7,38,6,39,4,40,4,41,2,42,2,42,2,43,1,43,1,308,1,43,1,43,1,43,1,43,2,42,2,42,3,41,4,39,5,39,6,37,7,36,9,34,11,32,13,30,15,28,18,24,21,21,25,17,28,14,32,9,18
m219,262,46,46,17,13,30,18,26,22,22,25,19,28,16,31,14,32,13,34,11,36,10,36,9,38,8,39,6,41,5,41,4,43,3,43,3,43,3,43,3,43,3,44,2,44,2,44,3,44,2,44,2,45,1,45,2,44,2,44,3,43,3,43,4,41,5,41,5,40,7,39,7,38,9,36,11,34,13,32,15,30,17,27,20,24,23,23,25,20,30,15,34,11,38,6,16
m218,205,37,42,14,12,21,18,17,21,15,23,13,25,11,27,9,29,7,31,6,31,5,33,3,34,3,35,1,36,1,36,1,444,1,36,1,36,1,36,2,35,2,34,3,34,4,32,5,31,7,30,8,28,9,28,10,26,12,24,14,22,16,19,20,15,11
m211,168,38,41,10,17,19,21,16,24,13,26,11,28,9,30,7,32,5,33,5,34,3,35,3,35,3,36,2,36,1,37,1,37,1,37,1,37,1,37,1,266,1,37,1,36,2,36,3,34,4,34,5,32,6,32,7,30,9,28,11,26,14,22,17,21,19,18,22,15,25,12,28,8,13
m203,145,39,39,12,11,26,16,22,19,19,22,16,24,14,26,12,28,10,30,8,32,7,32,6,34,4,35,4,35,3,37,2,37,2,37,2,38,1,38,1,234,1,38,1,38,1,38,2,36,3,36,3,35,5,34,5,33,7,31,9,29,11,27,14,24,17,20,21,16,25,12,13
m198,141,41,42,18,9,30,13,23,19,20,22,18,24,16,26,14,28,12,30,10,32,8,34,6,36,5,37,3,39,2,39,1,410,1,40,1,40,1,40,1,40,2,39,2,39,3,38,4,37,4,36,6,35,7,33,9,31,11,29,13,27,15,25,18,22,21,19,30,9,10
m191,153,40,40,14,9,29,13,26,15,23,20,19,23,16,25,14,27,12,29,10,31,8,33,7,33,6,35,5,35,4,37,3,37,2,39,1,39,1,320,1,39,1,39,1,39,2,38,2,37,4,36,5,35,5,34,7,33,8,31,10,29,12,27,14,25,17,22,21,17,9
m185,180,41,42,15,9,30,16,23,20,20,23,16,26,14,28,12,30,10,31,9,33,7,34,6,36,5,36,4,38,3,38,2,40,1,40,1,409,1,40,1,40,1,39,3,38,3,38,4,37,5,36,5,36,6,35,7,34,8,32,11,30,12,28,15,25,18,22,23,16,8
m179,220,43,46,9,14,27,20,21,25,17,30,12,33,9,35,7,37,6,38,4,40,3,40,3,41,2,41,2,42,1,42,1,473,1,42,1,42,1,41,2,41,3,40,3,39,5,38,5,38,6,36,8,35,9,34,10,32,12,31,13,29,15,28,16,26,18,24,20,22,23,19,26,16,30,11,12
m175,282,39,39,11,17,20,21,16,24,14,26,12,28,10,30,8,31,7,33,6,34,4,36,3,37,2,37,1,506,1,38,1,38,1,38,1,37,2,37,2,37,3,35,4,35,5,33,7,31,9,29,11,26,15,22,21,16,12
m177,344,35,36,10,14,19,18,16,21,13,23,11,25,9,27,8,27,7,29,6,29,5,30,5,31,3,32,3,32,3,33,2,33,2,313,1,34,1,33,2,33,3,32,3,31,5,30,6,28,8,26,10,24,12,22,14,19,18,15,11
m168,278,37,37,18,9,25,14,20,18,17,22,13,25,10,28,8,30,6,31,5,33,3,34,3,35,1,36,1,442,1,36,2,35,2,35,3,34,4,33,5,32,6,31,7,29,9,28,11,25,13,23,16,20,29,6,7
m165,208,42,43,16,14,24,20,20,23,17,26,15,28,13,29,12,31,11,32,9,33,8,35,6,36,6,37,4,38,4,39,3,39,3,39,2,40,2,40,2,40,2,41,1,41,1,251,1,41,2,39,3,38,5,38,4,38,5,37,6,36,6,36,7,34,9,33,10,31,12,29,14,27,17,24,20,21,27,13,10
m169,156,39,41,13,12,25,16,22,18,20,21,16,24,13,27,11,29,9,31,7,33,5,35,4,35,3,37,2,37,2,38,1,38,1,195,1,38,1,38,1,38,1,38,1,37,2,37,2,37,3,36,3,36,4,35,4,35,4,35,5,33,6,33,7,31,9,30,9,29,11,27,13,25,15,22,19,15,13
m170,127,35,36,14,8,25,12,19,17,16,21,13,23,11,25,9,27,8,28,6,30,5,31,3,32,3,33,1,34,1,385,1,33,2,33,3,31,4,31,5,29,7,27,9,26,10,24,12,22,14,20,16,17,20,13,11
m169,107,35,37,11,10,23,16,17,20,14,23,11,25,9,27,7,29,5,31,4,32,2,33,2,34,1,488,2,33,2,33,3,32,3,31,5,30,6,28,8,26,10,24,13,21,15,19,18,16,21,12,10
m168,107,36,35,11,8,26,17,17,21,14,23,12,25,10,27,9,28,7,29,6,31,5,31,4,33,3,33,2,34,2,35,1,35,1,35,1,35,1,35,1,35,1,35,1,36,1,35,1,35,2,34,2,34,3,33,3,33,4,31,6,30,7,28,9,26,11,24,14,20,18,16,25,5,14
m168,118,36,39,13,7,25,15,19,20,15,23,12,25,10,27,8,29,6,31,5,32,3,33,3,34,1,35,1,35,1,35,1,35,1,360,1,35,1,35,1,35,2,33,3,33,4,32,4,31,6,30,7,28,9,26,11,24,13,22,16,18,24,10,10
m170,147,38,38,11,13,23,17,20,20,17,22,15,24,14,25,12,27,10,29,8,30,7,32,6,32,5,34,4,35,2,37,1,37,1,266,1,37,1,37,1,37,1,37,2,35,3,35,4,33,5,33,6,31,8,29,10,27,13,24,16,21,18,19,21,16,25,11,11
m167,199,36,37,13,15,18,20,14,23,12,25,10,27,7,29,6,31,4,32,3,34,2,34,1,35,1,324,1,35,1,35,1,35,1,35,1,34,3,33,3,33,4,32,5,30,7,29,8,27,10,25,12,23,15,19,18,16,22,13,25,9,12
m166,258,38,40,9,16,20,20,17,23,14,26,11,28,9,30,8,31,6,33,5,34,3,35,3,36,2,36,1,342,1,37,1,37,1,37,2,36,2,36,2,36,2,36,2,35,4,34,4,33,6,32,6,32,7,31,8,29,10,28,12,25,16,21,19,18,24,12,8
m169,337,39,35,13,18,16,25,12,28,10,30,8,32,6,34,5,34,4,36,2,37,2,37,1,38,1,38,1,390,1,38,1,38,1,38,2,36,3,36,4,34,6,32,8,30,10,28,13,25,16,22,19,18,23,7,18
m170,340,38,43,11,10,26,14,22,17,20,20,17,23,14,25,12,27,10,29,9,30,7,32,6,33,5,33,5,34,4,34,4,35,3,35,3,36,2,36,1,37,1,304,1,37,1,36,3,35,3,35,4,33,6,32,7,30,8,30,9,28,11,26,13,24,16,21,19,18,22,15,24,13,27,9,12
m168,262,41,41,10,9,30,26,14,29,11,31,9,33,8,34,6,35,5,37,3,38,3,38,2,39,2,39,1,245,1,40,1,39,2,39,3,38,3,38,3,38,4,37,4,37,4,37,4,37,4,37,4,37,4,37,4,37,4,37,5,36,5,36,6,34,8,33,9,31,12,28,19,21,24,15,8
m168,212,34,36,15,9,20,16,16,20,13,22,11,24,9,26,7,27,6,29,4,30,3,31,3,31,2,33,1,33,1,33,1,33,1,33,1,33,1,170,1,33,1,33,2,32,2,32,3,31,4,30,4,29,6,28,7,26,9,24,11,22,13,19,17,15,26,6,10
m169,171,36,40,8,17,17,21,14,23,12,25,10,27,8,29,7,30,5,31,5,32,4,32,3,34,2,34,2,34,2,35,1,35,1,35,1,35,1,35,1,35,1,216,1,35,1,34,3,33,3,32,4,31,6,29,7,28,9,27,10,26,11,24,13,23,14,21,17,18,20,15,24,10,11
m169,151,34,37,13,9,20,18,14,22,11,24,9,26,7,28,5,30,4,30,3,32,2,32,1,33,1,33,1,408,1,33,1,33,2,31,3,31,4,29,6,28,7,26,9,24,11,22,13,20,16,17,18,14,22,9,12
m165,143,38,42,16,12,24,16,21,18,18,21,16,23,14,24,13,26,11,27,10,28,9,29,8,30,7,31,6,33,5,34,3,35,3,36,2,36,1,37,1,37,1,266,1,37,1,37,2,36,2,36,3,35,4,33,6,32,6,32,7,30,9,29,10,27,13,24,15,22,17,19,20,16,24,12,11
m166,152,35,35,10,7,26,16,17,20,14,22,12,24,10,26,8,28,6,30,5,30,4,32,3,32,3,33,2,33,2,34,1,34,1,34,1,210,1,34,1,33,3,32,3,31,5,29,6,29,7,27,9,26,9,25,11,23,13,21,15,19,18,15,10
m168,175,33,38,8,12,19,17,15,20,12,22,10,24,9,25,7,27,6,28,5,28,5,29,4,29,3,31,2,31,2,31,1,32,1,296,1,32,2,30,3,30,3,29,4,29,5,27,6,26,8,24,10,23,11,21,13,19,16,16,21,11,24,7,12
m165,214,40,37,11,10,28,14,25,20,19,23,16,25,15,26,13,28,12,28,11,30,10,30,9,31,9,31,8,32,8,34,5,36,4,37,2,39,1,39,1,239,1,39,2,37,3,36,5,35,5,34,7,33,7,32,9,30,11,28,13,26,15,24,18,20,22,14,15
m167,270,33,33,10,16,15,20,12,22,10,24,8,26,6,27,5,29,4,29,3,30,2,31,2,31,1,263,1,32,1,32,1,32,2,31,2,31,3,29,4,29,5,27,7,26,8,24,10,22,13,19,16,15,20,9,12
m170,338,32,35,9,10,20,14,17,17,14,19,12,21,10,23,9,24,7,26,6,26,5,28,4,29,3,30,2,30,1,287,2,30,2,30,2,30,2,30,3,29,3,29,4,27,6,26,7,24,9,22,11,20,13,18,16,14,8
m171,416,33,31,11,12,19,16,15,20,12,22,10,24,8,26,6,28,4,29,3,31,2,31,1,32,1,32,1,231,1,32,1,32,2,30,3,30,4,29,4,28,6,27,7,25,9,23,11,21,13,19,16,15,8
m165,369,37,36,19,9,23,16,19,20,15,23,12,26,9,29,7,31,5,32,4,34,2,35,2,35,1,36,1,36,1,295,1,36,1,36,1,36,2,34,3,34,4,33,4,33,5,31,7,30,8,28,10,26,13,23,16,20,18,17,22,13,10
m168,297,32,35,9,14,16,18,13,21,10,23,8,25,6,27,5,28,3,29,3,30,1,31,1,351,1,31,1,30,2,30,2,29,3,29,3,29,4,28,4,27,6,26,7,24,9,22,11,20,13,18,16,14,9
m163,237,36,37,11,14,20,18,17,20,15,22,13,24,11,26,9,28,7,30,5,31,4,33,3,34,1,35,1,324,1,35,1,35,2,34,2,34,2,34,3,33,3,32,5,31,6,29,8,28,9,26,12,23,14,21,16,19,19,15,25,9,10
m167,203,35,36,8,13,20,17,17,20,14,23,11,26,8,28,7,29,5,31,4,32,2,33,2,34,1,34,1,349,1,34,1,34,1,34,1,34,1,34,1,33,3,32,3,31,5,29,7,27,9,25,11,23,13,21,16,17,10
m167,181,35,37,13,13,19,18,15,21,13,23,11,25,9,27,7,28,6,30,4,31,3,33,2,33,1,34,1,34,1,34,1,34,1,350,1,34,1,34,2,33,2,33,3,32,3,31,5,30,6,28,8,26,10,24,13,21,17,16,7
m168,177,35,36,9,13,20,18,16,21,13,23,11,25,9,27,7,29,5,31,4,32,2,34,1,34,1,419,2,33,2,33,2,32,4,31,4,30,6,28,8,26,9,26,10,24,12,22,14,20,16,18,19,14,11
m164,185,40,38,10,19,19,23,16,26,13,28,11,30,9,32,7,34,5,36,4,36,3,38,2,38,2,38,1,280,1,39,1,39,1,39,2,37,3,37,4,36,5,35,5,35,6,34,7,33,8,32,9,31,10,29,12,28,13,26,15,24,17,22,20,19,24,14,8
m167,209,38,39,12,14,22,18,19,21,16,24,13,26,11,28,9,30,7,32,5,33,4,35,3,35,2,37,1,455,1,37,1,37,1,37,2,35,3,35,4,34,4,34,5,32,7,31,8,29,10,27,12,25,15,22,18,19,23,13,9
m170,247,39,40,9,17,20,21,17,23,15,25,13,28,10,30,8,32,7,33,5,35,4,36,2,37,2,38,1,38,1,38,1,429,1,38,1,38,1,38,1,38,2,37,2,36,4,35,4,34,6,32,8,30,10,28,12,26,15,23,17,20,21,16,11
m166,304,40,41,10,16,22,20,19,23,16,25,14,27,12,29,11,30,9,32,8,33,6,35,5,35,4,37,3,38,1,39,1,360,1,39,1,39,1,39,1,39,1,39,1,39,1,39,2,37,3,37,4,35,5,34,7,32,9,30,11,28,13,26,16,23,19,20,29,9,11
m173,376,36,34,12,14,18,20,14,24,11,26,9,28,7,30,5,32,4,33,2,34,2,431,1,35,1,35,2,34,2,33,4,32,5,30,7,28,9,26,11,24,13,22,16,18,19,16,22,12,11
m175,416,37,36,10,11,24,16,19,20,16,23,13,26,10,28,8,30,6,32,5,33,3,34,3,35,2,35,2,35,2,35,2,35,2,35,2,35,2,35,2,35,2,36,1,36,1,37,1,36,1,36,1,36,1,36,2,35,2,35,3,34,4,32,6,31,7,29,10,26,15,21,18,18,22,13,7
m174,361,35,36,10,11,22,16,18,19,15,22,12,24,10,26,8,28,7,29,5,31,4,32,3,32,2,34,1,349,1,34,1,34,2,33,2,33,3,32,4,31,5,29,6,29,7,27,9,25,11,23,13,21,16,17,21,10,11
m179,315,36,38,12,11,23,15,19,19,16,21,14,24,11,26,9,28,7,30,6,31,4,32,4,33,2,34,2,394,1,35,2,34,2,34,3,33,3,33,3,33,4,32,4,32,5,30,7,29,8,27,10,25,12,23,15,20,20,14,8
m182,276,35,34,10,15,18,19,14,22,12,24,10,26,8,28,6,30,4,32,3,32,2,34,1,34,1,34,1,385,1,34,1,34,2,32,4,31,5,29,7,27,9,25,11,23,14,20,17,16,21,8,14
m179,252,42,41,18,11,29,15,25,19,22,22,17,26,14,29,12,31,10,33,8,35,6,36,5,38,3,39,3,40,1,41,1,503,1,40,2,40,3,39,4,38,4,37,6,36,6,36,7,34,9,33,10,31,12,29,14,27,17,24,19,21,23,16,12
m188,254,32,32,12,10,20,14,16,18,12,21,10,23,8,25,6,27,4,28,4,29,2,30,2,31,1,31,1,319,1,31,1,30,3,29,4,27,6,25,8,23,10,21,12,19,15,16,18,12,9
m190,265,35,34,12,7,24,16,17,20,14,22,12,24,10,26,8,28,7,29,5,31,4,32,2,34,1,34,1,280,1,34,1,33,2,33,3,31,4,30,5,29,7,27,8,26,10,24,12,22,14,19,17,15,21,13,24,9,16
m197,288,29,30,9,12,15,16,11,19,9,21,7,23,5,25,3,26,3,27,1,28,1,28,1,28,1,28,1,261,1,28,1,28,2,26,4,25,5,23,7,21,9,19,11,17,14,13,7
m197,333,29,28,9,12,15,16,12,18,10,20,8,22,6,24,4,26,2,27,2,318,1,28,1,28,2,26,4,25,5,23,7,21,9,19,12,16,16,11,7
m200,385,32,33,12,6,21,14,16,18,13,21,10,23,8,25,7,26,5,28,4,29,2,30,2,31,1,31,1,192,1,31,1,30,2,30,2,30,2,30,3,28,4,28,4,28,5,26,6,26,7,24,9,22,11,20,14,17,17,13,9
m201,420,29,33,9,9,18,14,14,17,12,19,8,22,6,24,5,24,4,26,3,26,2,27,2,201,1,28,1,28,1,28,1,28,1,28,2,27,2,27,3,25,5,24,6,22,8,20,9,19,11,18,13,15,15,13,18,9,9
m198,367,27,32,8,7,18,13,13,16,10,18,8,20,6,22,5,22,4,24,3,24,2,26,1,26,1,297,1,26,1,25,2,25,2,25,3,24,3,23,5,22,7,19,11,14,16,9,7
m189,312,30,29,15,5,23,9,17,15,13,18,10,21,8,22,7,24,5,25,5,26,3,27,3,28,2,28,1,29,1,29,1,29,1,90,1,29,1,29,1,28,3,27,3,27,4,25,7,23,8,21,11,18,15,14,20,8,7
m185,275,34,29,11,14,17,19,13,22,10,25,8,26,8,27,6,28,6,28,5,30,4,31,2,33,1,33,1,170,1,33,1,33,2,32,2,32,3,30,5,29,5,28,7,27,9,24,12,21,15,17,21,10,9
m180,247,35,35,12,7,26,12,21,16,18,19,16,20,14,22,13,23,11,26,8,28,7,29,4,31,3,33,2,33,1,385,1,34,1,34,2,33,2,32,4,31,5,29,7,28,8,26,11,23,16,18,20,13,7
m176,240,35,33,8,17,16,21,13,23,11,25,9,27,8,29,5,31,4,32,2,33,2,34,1,419,1,33,2,33,3,32,3,31,5,30,5,29,7,27,9,25,12,22,15,19,19,14,9
m174,245,32,34,9,10,20,16,14,20,11,23,8,25,6,26,6,27,4,28,4,29,2,30,2,31,1,31,1,416,1,30,2,30,3,28,5,27,6,25,9,21,13,17,16,14,20,10,11
m168,267,34,33,12,11,20,16,16,20,13,22,11,23,10,25,9,25,8,26,8,27,6,29,4,31,3,32,1,33,1,305,2,32,2,31,4,30,4,29,6,27,9,24,11,22,14,19,17,16,19,13,23,9,12
m168,303,34,33,9,11,21,15,17,18,14,22,11,26,8,28,5,30,4,30,4,31,2,32,2,32,2,33,1,33,1,272,1,33,1,33,1,33,1,33,2,31,3,31,4,29,6,27,8,25,11,21,15,17,19,12,11
m163,352,31,33,9,12,17,16,14,18,12,20,10,22,8,24,6,26,4,28,3,28,2,30,1,30,1,30,1,309,1,30,2,28,3,27,5,26,6,24,7,24,8,22,10,20,12,18,14,16,17,12,10
m162,412,33,37,16,8,21,14,16,19,12,22,10,24,8,26,6,28,4,29,4,30,2,31,2,31,1,32,1,32,1,32,1,32,1,263,1,32,1,32,1,32,2,31,2,31,3,29,5,28,5,27,7,26,8,24,10,22,13,19,15,17,18,13,8
m160,405,32,36,11,6,24,10,20,14,17,18,13,21,10,23,8,25,7,26,5,27,5,28,4,29,2,30,2,254,1,31,1,31,2,30,2,30,3,29,3,29,4,28,4,27,6,26,7,24,9,23,10,21,12,19,15,16,18,12,23,7,10
m152,338,33,41,12,5,26,9,23,11,21,13,19,19,13,22,11,23,9,25,8,26,6,28,5,28,4,30,3,30,3,30,2,31,1,32,1,329,1,32,1,31,3,30,3,30,4,29,4,29,5,28,6,26,8,25,9,23,11,21,13,19,16,16,18,14,21,10,9
m149,296,29,32,10,6,21,13,14,17,10,20,8,22,6,24,4,25,4,26,2,27,2,28,1,28,1,347,2,27,2,26,4,25,5,23,7,21,9,19,11,17,14,14,18,9,9
m145,258,29,33,11,8,19,12,16,15,13,17,11,19,9,21,7,23,5,25,4,25,3,27,2,27,1,28,1,318,1,28,1,27,3,26,4,24,6,23,7,21,10,18,13,15,15,12,19,8,9
m143,249,30,34,8,6,22,14,15,17,12,20,9,22,7,24,6,25,4,27,3,27,2,29,1,29,1,29,1,270,1,29,1,29,1,29,2,27,3,27,4,25,6,24,7,22,9,20,12,17,14,14,17,11,21,7,11
m141,249,30,31,7,15,13,19,10,21,8,23,6,25,5,25,4,27,3,27,3,28,2,28,1,29,1,269,1,29,2,28,2,28,3,27,4,25,6,24,7,22,9,20,12,17,15,13,23,5,9
m139,259,31,32,9,12,17,16,14,18,12,20,10,22,8,24,6,26,5,26,4,28,3,28,2,30,1,30,1,279,1,30,1,30,2,28,3,28,4,26,6,25,7,23,9,21,11,19,14,15,18,11,9
m136,283,32,31,11,8,22,12,19,17,14,20,11,22,10,23,8,25,6,26,5,28,3,29,2,31,1,254,1,31,2,29,3,29,4,28,5,26,7,25,8,23,9,22,11,20,13,17,16,15,19,11,11
m131,322,32,35,16,6,23,11,18,15,15,18,12,21,10,22,9,24,7,25,6,27,4,29,3,30,1,31,1,384,1,31,1,30,3,29,3,28,5,26,7,24,9,22,11,20,14,17,17,13,21,9,11
m128,369,33,34,9,11,20,18,13,22,10,24,8,26,6,28,4,30,3,31,1,32,1,462,1,32,1,32,2,31,2,31,3,29,5,28,6,26,8,24,10,22,12,19,16,15,8
m132,428,36,38,14,9,23,15,19,19,16,21,14,23,12,25,11,26,9,28,8,29,6,31,5,31,5,32,4,32,3,33,2,35,1,323,1,35,1,34,3,33,3,33,4,32,5,30,7,29,8,27,10,25,12,23,14,21,17,17,20,14,24,10,12
m133,430,33,32,7,15,16,19,13,21,11,23,9,25,8,26,6,27,6,28,5,29,3,31,2,31,2,32,1,32,1,198,1,32,1,32,2,31,2,31,3,30,4,28,5,28,6,26,8,24,10,22,12,20,14,17,18,13,9
m132,380,33,35,16,5,26,10,19,16,15,19,13,21,11,23,9,24,8,26,6,28,5,28,4,30,3,30,2,32,1,32,1,263,1,32,1,32,2,31,2,31,3,29,4,29,5,27,7,26,8,24,10,22,13,19,15,17,18,13,8
m128,344,35,35,18,6,25,12,16,20,13,23,11,25,9,26,8,28,7,29,5,31,4,31,4,32,3,32,3,33,2,33,1,34,1,244,1,34,1,34,2,32,3,32,4,30,5,30,6,28,8,26,10,24,13,21,16,18,19,14,27,6,12
m127,322,33,34,9,8,23,12,20,17,15,20,12,22,10,24,8,26,7,27,5,29,4,30,2,31,2,32,1,32,1,198,1,32,1,32,1,32,1,32,2,30,3,30,4,28,5,28,6,26,8,24,10,22,12,20,14,18,17,14,25,5,12
m124,315,30,28,6,5,1,8,14,18,11,20,9,23,6,25,5,26,3,28,2,29,1,29,1,90,1,88,1,29,1,29,1,29,2,28,2,27,3,27,4,25,5,25,6,23,8,21,10,19,12,17,15,13,9
m122,317,29,28,16,6,14,17,10,20,8,22,6,24,4,25,4,26,2,27,2,27,2,27,1,203,1,27,2,27,3,25,4,25,5,23,6,22,8,21,9,19,11,17,14,14,21,6,9
m122,333,32,28,10,11,19,15,16,18,13,20,11,22,10,23,8,25,7,26,5,27,4,29,3,29,2,30,2,223,1,31,1,31,2,29,4,28,5,26,7,24,9,22,12,18,17,13,8
m120,361,30,29,11,6,22,10,18,13,16,17,12,20,9,22,7,24,5,26,4,26,3,28,2,28,1,29,1,29,1,120,1,29,1,29,1,28,3,27,3,27,4,25,5,25,6,23,8,21,10,19,12,16,16,12,9
m120,405,27,28,8,10,15,14,12,17,9,19,7,21,6,22,4,23,4,24,2,25,2,25,2,25,1,188,1,26,2,25,2,24,4,23,5,21,6,20,8,18,10,16,12,14,15,10,9
m117,459,30,30,10,10,18,14,15,17,12,19,10,21,8,23,7,24,5,26,4,26,3,28,1,29,1,238,1,29,1,29,1,28,3,27,3,26,5,24,7,22,9,20,11,18,13,15,17,10,12
m121,485,28,27,7,14,12,18,9,20,7,22,5,24,3,25,3,26,1,27,1,280,1,26,2,26,3,24,4,23,6,22,7,20,9,18,12,15,15,11,8
m122,433,28,28,9,8,18,12,15,14,13,16,11,18,9,20,7,22,6,23,4,25,3,26,2,26,1,195,1,27,2,26,2,26,3,25,3,24,5,23,6,21,8,19,11,16,14,12,7
m125,388,28,31,14,6,20,10,17,13,11,18,8,21,6,23,4,24,3,26,2,26,1,27,1,334,2,26,2,26,3,24,4,24,5,22,7,20,9,18,11,16,14,12,8
m127,361,31,31,13,8,20,13,16,16,13,19,11,21,9,23,7,25,5,27,4,27,3,29,2,29,2,29,1,30,1,186,1,30,1,30,2,28,3,28,4,27,4,26,6,25,7,23,9,21,11,19,14,15,19,10,9
m131,345,28,28,10,8,18,12,14,15,12,17,10,19,8,21,6,23,5,24,3,25,3,26,1,27,1,168,1,26,2,26,2,26,3,24,4,24,5,22,7,20,9,18,12,15,15,12,18,8,9
m134,342,27,27,7,13,12,17,9,19,7,21,5,23,4,24,2,25,2,242,1,26,1,26,2,24,3,24,4,23,5,21,7,20,8,18,10,16,12,14,15,10,7
m139,352,27,27,8,9,16,13,13,15,11,17,9,19,7,21,6,22,4,24,3,25,1,26,1,189,1,26,1,26,2,24,3,24,4,22,6,20,8,18,10,16,12,14,15,10,8
m138,371,31,31,11,10,18,15,14,19,11,21,9,23,7,25,5,26,5,27,3,28,3,28,3,28,2,30,1,30,1,186,1,30,1,29,3,28,3,28,4,26,5,26,6,24,8,22,10,20,13,17,16,13,20,9,10
m144,408,30,31,7,9,19,17,12,20,9,22,7,24,6,25,4,26,4,27,2,28,2,29,1,29,1,269,2,28,2,28,3,26,4,26,5,24,7,22,9,20,11,18,14,15,17,12,20,8,10
m149,454,28,28,11,5,21,9,18,13,13,17,10,19,8,21,6,23,4,24,3,26,2,26,1,167,1,27,1,27,1,27,1,26,3,25,3,24,5,22,6,21,8,19,10,17,12,14,16,10,11
m147,479,27,29,11,6,18,11,14,14,12,16,10,18,8,20,6,22,4,24,3,24,2,26,1,26,1,215,1,26,1,25,3,24,3,23,5,21,7,19,9,17,11,15,14,11,18,7,11
m142,432,27,29,7,14,11,18,8,20,6,22,4,24,3,24,2,26,1,26,1,26,1,26,1,26,1,242,1,25,2,25,3,23,4,22,6,20,8,18,10,16,13,12,17,8,10
m139,391,28,28,10,10,16,14,13,16,11,18,9,20,7,22,5,23,4,25,3,25,2,26,2,26,1,196,1,27,1,26,3,25,3,24,5,23,5,22,7,20,9,18,11,15,15,11,9
m136,364,28,29,11,9,16,14,12,17,10,19,8,21,6,22,5,24,4,24,3,26,2,26,1,224,1,27,1,27,2,25,3,25,4,23,6,22,7,20,9,18,11,16,13,14,16,10,8
m133,347,30,32,10,8,20,12,17,15,14,17,12,19,10,21,8,23,7,24,5,26,4,26,3,28,2,28,2,239,1,29,1,29,2,27,3,27,4,25,5,25,6,23,8,21,10,19,12,17,15,13,19,9,10
m129,350,28,28,13,7,15,15,11,18,9,20,7,22,5,24,3,25,3,26,1,27,1,196,1,27,1,27,1,27,2,26,2,25,4,24,4,23,6,22,7,20,9,18,12,15,15,11,7
m128,358,29,28,10,9,18,14,13,18,9,21,7,23,5,25,3,27,2,27,1,319,1,27,2,27,3,25,4,25,5,23,7,21,9,19,12,15,16,11,9
m125,381,29,28,12,7,17,14,13,18,10,20,8,22,6,24,4,26,3,27,1,28,1,290,1,28,1,27,3,26,4,24,6,22,8,20,10,18,12,16,15,12,8
m123,419,26,29,9,9,15,13,12,15,10,17,8,19,6,21,5,21,4,23,3,23,2,25,1,232,1,25,1,25,2,24,2,23,4,22,5,20,7,18,9,16,11,13,15,9,9
m121,465,29,29,9,12,15,16,11,19,9,21,7,23,5,25,3,26,3,27,1,28,1,318,2,27,2,26,4,25,5,23,7,21,9,19,12,16,14,13,18,9,10
m120,463,32,35,10,9,21,13,18,16,15,19,12,22,9,24,7,26,5,28,3,29,3,30,1,31,1,31,1,256,1,31,1,31,2,30,2,29,3,29,4,27,5,27,6,25,8,23,10,22,11,20,13,18,15,16,18,13,21,9,10
m124,410,29,29,9,11,16,15,13,17,11,19,9,21,7,23,5,25,3,27,2,27,1,261,1,28,1,28,2,27,2,27,3,25,4,25,5,23,7,21,9,19,12,15,17,8,10
m123,368,33,32,17,8,23,12,18,16,14,20,11,23,9,24,8,26,6,27,5,28,4,30,3,30,2,32,1,263,1,32,1,32,2,31,2,30,4,29,5,27,6,26,8,24,10,22,12,20,15,17,18,13,9
m127,333,31,34,12,9,20,13,16,16,13,19,11,21,9,23,7,25,5,27,4,27,3,29,2,29,2,29,1,341,1,30,1,29,3,28,4,27,4,26,6,25,7,23,9,21,11,19,14,15,19,10,9
m128,318,33,34,9,12,19,16,16,18,14,20,12,22,10,24,8,26,7,27,5,29,4,29,3,31,2,31,2,32,1,32,1,32,1,99,1,32,1,32,1,32,1,32,2,31,2,30,4,29,4,28,6,27,7,25,9,24,10,22,12,20,14,18,17,15,20,11,9
m130,314,30,32,8,11,17,15,14,17,12,19,10,21,8,23,6,25,5,26,3,28,2,29,1,29,1,270,1,29,1,29,1,29,2,27,3,27,4,25,6,23,8,21,11,18,13,15,17,11,21,7,11
m129,322,31,33,11,6,23,10,19,13,17,18,12,21,9,23,7,25,5,27,3,28,3,29,1,30,1,217,1,30,1,30,2,29,2,29,3,28,4,26,6,25,7,24,8,22,10,21,11,19,13,17,15,15,18,11,22,7,9
m139,343,28,30,7,7,19,15,12,18,9,20,7,22,5,24,4,25,2,27,1,27,1,280,1,26,2,26,3,24,4,24,5,22,7,20,9,19,11,16,14,13,16,11,19,7,9
m140,379,26,28,8,10,14,14,11,16,9,18,7,20,6,21,4,23,3,23,2,25,1,259,1,25,1,24,3,23,3,22,5,20,7,18,9,16,11,14,14,10,8
m140,421,30,32,11,7,21,11,18,13,16,15,14,18,11,21,8,23,6,25,4,27,3,27,2,29,1,29,1,148,1,29,2,28,2,28,2,28,2,28,3,27,3,26,5,25,6,23,8,22,9,20,11,18,14,15,17,11,21,5,12
m143,417,28,30,9,7,19,14,13,17,10,19,8,21,6,23,4,24,4,25,2,26,2,26,1,27,1,27,1,27,1,224,1,27,1,26,3,25,3,24,5,22,7,20,9,18,12,14,16,8,11
m140,351,28,32,9,11,15,15,11,18,9,20,7,22,5,23,4,25,3,25,2,26,2,26,2,26,2,27,1,27,1,196,1,27,1,27,2,26,2,26,3,24,5,23,6,21,8,19,10,17,12,15,14,13,17,9,8
m138,305,29,29,9,10,16,15,12,18,10,20,8,22,6,24,5,25,3,27,2,27,2,28,1,28,1,290,1,27,2,27,3,25,5,24,6,22,9,19,11,17,14,13,7
m135,263,32,33,9,11,19,15,15,18,13,20,11,22,9,24,7,26,6,27,4,29,3,29,3,30,2,30,2,30,2,31,1,31,1,31,1,31,1,160,1,31,1,31,2,29,3,29,4,27,6,26,7,24,9,22,12,19,15,16,19,11,8
m135,244,31,31,11,12,16,17,12,20,10,22,8,24,6,25,5,27,4,28,2,29,2,30,1,340,1,30,1,30,2,29,2,28,4,27,5,25,7,23,10,20,13,16,18,10,9
m135,235,32,31,10,11,19,15,15,19,12,21,10,23,8,25,6,26,5,28,4,28,3,30,2,30,2,31,1,31,1,192,1,30,2,30,3,29,3,29,4,28,5,26,6,26,7,24,9,22,11,20,14,17,17,13,8
m136,238,31,31,11,11,18,15,15,17,12,20,10,22,8,24,6,26,4,27,3,29,2,29,1,30,1,30,1,30,1,30,1,186,1,30,1,29,2,29,3,27,4,27,5,25,7,23,9,21,11,19,14,16,17,12,9
m134,255,30,30,12,9,19,13,15,17,12,19,9,22,7,24,5,25,4,27,2,28,2,28,1,270,1,29,1,29,2,27,3,27,4,25,6,24,7,22,9,20,12,17,15,14,19,9,8
m136,285,28,31,8,8,18,12,15,15,12,18,9,20,7,22,6,23,4,25,3,25,3,26,1,27,1,280,1,27,1,27,2,25,4,24,4,23,6,22,7,20,9,18,11,16,14,12,7
m133,330,31,34,11,10,19,14,15,18,12,20,9,23,7,25,5,26,4,28,3,28,2,30,1,30,1,309,1,30,1,30,2,29,2,29,3,28,4,26,6,25,7,23,9,21,11,19,13,17,16,13,20,7,12
m134,393,33,33,10,11,19,16,15,20,12,22,10,24,8,26,7,27,5,29,4,29,4,30,2,31,2,32,1,32,1,231,1,32,1,32,1,31,3,30,3,29,5,28,5,27,7,26,8,24,10,22,12,20,14,17,18,13,10
m136,412,32,31,10,10,20,17,13,21,10,23,8,25,6,27,4,29,2,30,2,319,1,31,1,31,1,31,2,30,2,30,3,28,5,27,6,25,8,23,10,21,13,18,16,14,20,10,9
m143,346,30,33,7,14,14,18,11,20,9,22,7,24,6,25,4,27,3,28,1,29,1,239,1,29,1,29,1,29,2,28,2,28,3,27,3,26,4,26,4,26,5,25,5,24,7,23,8,21,10,19,13,16,19,9,8
m145,299,31,30,8,12,17,17,13,20,10,22,8,24,6,26,5,27,3,29,2,29,1,247,1,30,1,30,1,30,1,30,2,28,3,28,4,26,5,25,7,23,9,21,11,18,14,15,18,6,17
m145,257,37,36,14,8,27,12,23,15,20,18,18,23,13,26,10,28,8,30,6,32,5,32,4,34,3,34,3,34,2,35,2,35,2,258,1,36,1,36,2,34,3,34,3,33,5,31,6,30,8,29,9,27,11,25,13,23,15,20,19,17,22,13,12
m151,235,35,33,12,8,25,12,21,15,19,18,16,21,13,24,10,26,8,28,6,30,4,32,3,32,2,34,1,34,1,34,1,210,1,34,1,34,1,34,1,34,2,32,3,32,4,30,6,29,7,27,10,24,13,21,16,18,19,14,8
m156,228,31,29,9,14,15,18,12,20,10,22,8,24,6,25,5,27,4,27,3,29,2,29,1,186,1,30,1,29,2,29,2,29,3,28,3,27,5,26,6,24,8,22,10,20,12,18,14,16,17,12,9
m161,229,32,33,13,8,19,15,15,18,13,20,11,22,9,23,9,24,7,26,6,27,4,28,4,29,2,30,2,31,1,31,1,31,1,224,1,31,1,31,2,29,3,29,4,27,6,25,8,23,10,21,12,18,16,14,20,10,11
m162,249,35,33,12,11,22,16,18,19,15,21,12,24,10,26,8,28,6,30,4,31,4,32,2,33,2,33,2,33,1,34,1,209,1,34,1,33,3,32,3,31,4,31,5,30,5,29,7,28,8,26,10,24,12,22,14,19,18,13,13
m166,284,37,37,11,11,23,17,18,21,15,23,13,26,10,28,9,29,7,31,5,33,4,33,3,35,2,35,2,36,1,36,1,36,1,259,1,36,1,36,2,35,2,35,3,34,4,32,6,31,6,30,8,28,10,26,12,23,15,18,20,13,25,10,29,6,18
m174,338,33,31,9,11,20,15,16,20,12,23,9,25,7,27,6,28,4,29,4,30,3,30,2,31,2,32,1,32,1,132,1,32,1,32,1,31,2,31,3,30,3,29,4,29,5,27,6,26,8,24,10,22,12,20,15,17,18,13,10
m181,405,37,35,15,8,26,13,22,17,19,20,16,23,13,25,11,27,9,29,7,31,5,32,4,34,3,34,2,36,1,36,1,257,2,35,2,35,3,34,3,33,5,32,5,31,7,29,8,28,10,27,11,25,13,23,16,20,19,17,22,13,11
m184,403,39,40,12,6,30,11,26,21,17,25,13,28,10,30,8,32,7,33,5,34,5,35,3,36,3,37,2,37,2,38,1,38,1,38,1,38,1,38,1,76,1,38,1,38,1,38,1,37,2,37,2,37,3,36,3,36,3,36,4,34,5,34,6,32,8,31,9,29,11,27,13,25,16,22,19,19,21,17,24,13,12
m183,337,35,38,13,6,24,13,20,17,17,19,15,22,12,25,9,27,8,28,6,30,5,30,4,32,3,32,3,33,2,33,2,34,1,34,1,34,1,34,1,34,1,245,1,34,1,34,2,32,3,32,4,30,6,28,8,26,11,23,14,20,17,16,21,12,25,8,12
m188,283,29,29,9,8,19,16,12,19,9,21,7,23,5,25,3,26,3,27,1,28,1,114,1,28,1,28,1,28,1,28,1,28,1,28,1,28,2,26,3,26,4,24,6,23,7,21,9,19,11,17,14,14,18,9,9
m181,238,41,39,18,5,34,9,30,17,23,20,18,24,15,28,11,31,9,33,7,35,5,36,4,38,2,39,2,39,1,451,1,40,1,40,2,39,2,39,3,38,3,38,4,36,5,36,6,34,8,33,9,31,11,29,13,27,16,23,21,18,9
m183,216,39,42,15,6,31,10,28,12,25,18,20,21,16,24,14,27,11,29,9,31,7,33,6,34,4,36,3,36,2,38,1,544,2,37,2,37,2,36,4,35,4,34,5,34,6,32,7,31,9,29,11,26,14,24,17,21,20,18,23,14,13
m180,210,43,40,16,14,27,19,23,22,20,24,17,27,14,30,12,31,11,33,9,34,8,36,6,37,5,39,4,39,3,41,2,41,1,42,1,215,1,42,1,41,2,41,2,41,3,39,4,39,5,38,5,38,6,36,8,35,8,34,10,33,10,32,12,31,13,29,15,27,17,25,20,22,24,17,11
m185,213,37,41,12,5,30,9,27,11,25,13,23,17,19,20,16,23,13,25,12,27,9,29,7,31,6,32,4,33,4,34,2,35,2,35,2,35,2,36,1,36,1,295,1,36,1,36,1,35,2,35,3,34,3,33,5,32,6,30,8,28,11,25,14,22,17,19,21,15,24,11,11
m185,243,36,36,18,6,21,17,17,20,15,22,13,24,11,26,9,28,8,29,6,30,6,31,4,32,4,32,3,34,2,35,1,35,1,144,1,35,1,35,1,35,1,35,1,35,1,35,1,35,2,33,3,33,4,32,5,30,7,29,8,27,10,25,12,23,15,19,19,15,9
m185,276,38,40,13,13,23,17,19,20,16,23,14,25,12,27,10,29,8,31,6,33,5,34,3,36,2,36,2,37,1,37,1,37,1,227,1,37,1,37,1,37,1,37,1,37,1,37,1,37,1,37,2,35,3,35,4,33,6,32,7,30,10,27,12,25,15,22,18,18,22,15,25,11,11
m187,335,42,45,23,5,35,9,30,14,21,22,18,25,16,27,14,28,13,30,11,31,10,33,9,33,8,35,6,37,5,37,4,39,3,39,3,39,2,41,1,41,1,41,1,420,1,41,1,40,3,39,4,37,6,35,8,34,8,33,10,31,12,29,14,27,17,24,20,20,24,17,29,11,33,6,16
m195,410,40,38,11,18,20,22,17,24,15,26,13,28,11,30,9,32,7,33,7,34,5,35,4,37,3,37,2,39,1,39,1,39,1,39,1,280,1,39,1,39,2,38,3,37,3,37,3,36,5,35,5,34,7,33,8,31,10,29,13,26,16,23,19,19,23,12,13
m192,392,42,44,18,6,32,16,23,21,19,24,17,26,15,28,13,30,11,32,9,34,8,34,7,36,6,37,4,38,4,39,3,39,2,40,2,40,2,335,1,41,1,41,2,40,2,40,3,39,3,38,5,37,6,35,7,35,8,33,10,32,11,30,13,28,15,26,17,24,19,21,22,19,24,16,28,12,14
m194,325,40,41,15,8,28,14,24,21,18,25,14,28,11,30,9,32,7,34,5,36,3,37,2,39,1,598,1,39,1,38,3,37,3,37,4,36,5,35,6,34,7,32,10,30,11,28,13,26,16,23,19,20,21,18,24,14,10
m192,250,42,45,16,6,32,12,28,15,25,18,23,20,21,27,14,30,12,31,10,33,8,35,7,36,5,37,5,38,3,39,3,39,3,39,2,41,1,41,1,41,1,41,1,336,1,41,1,41,1,41,2,40,2,40,3,38,5,37,6,35,7,35,8,33,10,31,12,29,15,26,18,23,23,18,29,12,33,7,11
m195,210,42,42,15,7,33,18,22,23,18,26,14,29,12,31,10,33,8,35,6,36,5,38,3,39,3,39,2,40,2,628,2,40,2,40,3,38,4,38,5,36,6,36,7,34,9,32,11,30,13,28,16,25,18,23,21,19,25,15,13
m195,184,42,37,16,11,25,22,18,26,15,28,13,30,11,32,9,34,7,36,6,36,5,38,4,38,3,40,2,40,2,40,1,335,1,41,2,40,2,40,3,38,4,38,5,37,6,35,8,34,8,33,10,31,12,29,14,27,17,24,20,20,25,15,12
m199,172,36,37,12,9,25,13,21,16,19,18,17,20,15,22,13,25,11,26,9,28,7,30,6,31,4,32,4,33,3,33,2,35,1,35,1,287,1,35,1,35,1,35,2,34,2,34,3,32,5,31,6,29,8,28,9,26,11,24,14,21,17,17,8
m200,176,37,38,15,6,29,10,25,13,22,16,19,19,17,21,15,22,14,25,11,28,9,29,7,31,6,32,5,33,3,35,2,35,2,36,1,183,1,36,2,35,2,35,2,35,2,35,2,35,2,35,2,34,4,33,4,32,6,31,7,29,9,27,11,25,13,23,16,19,23,10,13
m202,200,37,38,13,7,28,15,20,19,17,22,14,24,12,26,10,28,8,29,8,30,6,32,5,33,3,34,3,35,1,36,1,36,1,295,1,35,2,35,2,35,2,35,2,34,4,33,4,33,5,31,7,30,8,28,10,26,12,24,14,21,18,17,22,11,14
m205,232,40,43,11,12,26,22,16,26,13,28,11,30,9,32,7,34,6,35,4,36,4,37,2,38,2,38,1,39,1,39,1,560,1,39,1,39,2,38,2,37,4,36,4,36,4,35,6,34,6,33,8,31,10,29,12,27,15,24,18,20,22,16,11
m207,286,37,38,15,11,19,20,15,24,12,26,10,28,8,30,7,31,5,33,4,34,2,35,2,369,1,36,1,36,1,36,1,36,2,35,2,35,2,35,2,34,4,33,4,32,6,31,7,29,9,27,11,25,13,23,15,21,18,17,26,6,14
m217,350,34,38,11,9,23,13,19,17,16,19,14,21,12,23,10,26,7,28,6,29,4,31,3,31,3,32,1,33,1,33,1,33,1,33,1,306,1,32,2,32,3,31,3,30,5,29,5,28,7,26,9,24,11,22,13,19,17,16,20,13,23,9,12
m213,355,38,40,9,16,20,20,17,23,14,25,12,27,10,29,9,30,7,32,6,33,5,34,4,34,3,36,2,36,1,494,1,37,1,36,3,35,3,34,4,34,5,33,5,32,7,31,8,29,10,27,12,25,14,22,17,20,20,16,11
