252.0,188.0,22.0,19.0
252.0,188.0,22.0,19.0
250.0,189.0,22.0,30.0
251.0,187.0,24.0,32.0
252.0,188.0,24.0,32.0
253.0,189.0,24.0,33.0
250.0,191.0,24.0,33.0
250.0,193.0,23.0,32.0
249.0,193.0,23.0,32.0
249.0,195.0,20.0,30.0
248.0,196.0,20.0,26.0
241.0,195.0,23.0,25.0
238.0,194.0,23.0,26.0
236.0,193.0,23.0,26.0
233.0,193.0,24.0,26.0
230.0,191.0,19.0,36.0
227.0,192.0,17.0,37.0
227.0,192.0,17.0,37.0
223.0,192.0,19.0,38.0
220.0,192.0,19.0,34.0
213.0,192.0,22.0,35.0
208.0,191.0,24.0,33.0
204.0,192.0,24.0,30.0
199.0,192.0,24.0,29.0
198.0,190.0,22.0,32.0
198.0,191.0,19.0,33.0
193.0,189.0,20.0,42.0
189.0,189.0,19.0,43.0
181.0,190.0,18.0,43.0
178.0,191.0,16.0,42.0
175.0,190.0,18.0,39.0
172.0,190.0,18.0,37.0
172.0,190.0,18.0,37.0
169.0,191.0,18.0,37.0
166.0,192.0,19.0,38.0
148.0,174.0,35.0,56.0
137.0,175.0,39.0,58.0
119.0,176.0,44.0,65.0
115.0,180.0,44.0,65.0
101.0,187.0,51.0,74.0
84.0,187.0,56.0,94.0
78.0,183.0,60.0,121.0
78.0,179.0,60.0,134.0
78.0,187.0,60.0,134.0
89.0,189.0,61.0,142.0
100.0,191.0,60.0,139.0
105.0,190.0,61.0,142.0
132.0,188.0,56.0,151.0
132.0,185.0,56.0,151.0
144.0,182.0,54.0,151.0
154.0,196.0,53.0,128.0
164.0,197.0,52.0,125.0
175.0,210.0,49.0,118.0
185.0,216.0,51.0,116.0
198.0,219.0,52.0,118.0
209.0,222.0,52.0,116.0
210.0,221.0,67.0,123.0
218.0,223.0,68.0,125.0
223.0,223.0,68.0,125.0
227.0,213.0,68.0,125.0
232.0,211.0,67.0,123.0
236.0,205.0,68.0,125.0
235.0,206.0,63.0,123.0
241.0,204.0,61.0,118.0
253.0,190.0,58.0,128.0
262.0,182.0,56.0,131.0
258.0,173.0,60.0,134.0
256.0,167.0,60.0,137.0
256.0,167.0,60.0,137.0
256.0,167.0,60.0,137.0
256.0,167.0,60.0,137.0
256.0,167.0,60.0,137.0
245.0,163.0,59.0,134.0
234.0,166.0,63.0,132.0
227.0,170.0,64.0,135.0
222.0,170.0,64.0,135.0
210.0,172.0,68.0,127.0
200.0,175.0,72.0,122.0
192.0,172.0,74.0,120.0
191.0,172.0,74.0,120.0
191.0,172.0,74.0,120.0
190.0,171.0,72.0,122.0
186.0,171.0,69.0,122.0
179.0,171.0,66.0,132.0
179.0,171.0,63.0,132.0
180.0,173.0,59.0,135.0
177.0,158.0,54.0,161.0
174.0,161.0,51.0,168.0
175.0,170.0,47.0,165.0
174.0,173.0,42.0,165.0
168.0,173.0,41.0,165.0
162.0,172.0,42.0,168.0
158.0,171.0,55.0,165.0
152.0,146.0,63.0,182.0
148.0,146.0,49.0,197.0
144.0,146.0,49.0,189.0
140.0,146.0,43.0,189.0
137.0,146.0,40.0,189.0
133.0,146.0,46.0,189.0
123.0,149.0,69.0,154.0
122.0,149.0,75.0,154.0
116.0,149.0,75.0,154.0
118.0,152.0,72.0,148.0
117.0,149.0,71.0,148.0
110.0,143.0,68.0,148.0
103.0,146.0,58.0,142.0
102.0,146.0,57.0,142.0
101.0,142.0,58.0,145.0
102.0,144.0,57.0,142.0
86.0,146.0,78.0,145.0
68.0,148.0,94.0,142.0
62.0,144.0,110.0,145.0
62.0,144.0,110.0,145.0
91.0,141.0,80.0,145.0
93.0,143.0,70.0,142.0
83.0,139.0,64.0,151.0
77.0,141.0,68.0,154.0
73.0,140.0,65.0,163.0
73.0,144.0,60.0,170.0
72.0,153.0,55.0,173.0
66.0,184.0,58.0,138.0
63.0,199.0,63.0,125.0
67.0,220.0,71.0,107.0
61.0,269.0,55.0,54.0
60.0,290.0,57.0,33.0
0
0
0
0
0
0
0
0
0
0
0
0
0
0
0
0
0
0
0
0
0
0
0
0
0
0
0
0
0
0
0
0
0
0
0
0
0
0
0
0
0
0
0
0
0
0
0
0
0
0
0
0
0
0
0
0
0
0
0
0
0
0
0
0
0
0
0
0
0
0
0
0
0
0
0
0
0
0
0
0
0
0
0
0
0
0
0
0
0
0
0
0
0
0
0
0
0
0
0
0
0
0
1.0,120.0,42.0,80.0
1.0,99.0,70.0,118.0
1.0,75.0,86.0,138.0
1.0,42.0,120.0,186.0
19.0,28.0,120.0,175.0
30.0,19.0,127.0,168.0
48.0,6.0,127.0,175.0
97.0,12.0,125.0,162.0
113.0,30.0,115.0,153.0
133.0,40.0,102.0,147.0
156.0,50.0,87.0,144.0
156.0,50.0,87.0,144.0
184.0,76.0,57.0,138.0
216.0,77.0,42.0,147.0
238.0,98.0,41.0,120.0
260.0,102.0,39.0,113.0
279.0,113.0,44.0,90.0
303.0,116.0,50.0,74.0
321.0,115.0,53.0,64.0
335.0,111.0,52.0,65.0
353.0,105.0,53.0,66.0
370.0,100.0,47.0,66.0
373.0,96.0,46.0,71.0
377.0,87.0,45.0,81.0
394.0,79.0,43.0,92.0
412.0,78.0,45.0,97.0
416.0,82.0,44.0,97.0
405.0,81.0,45.0,99.0
400.0,77.0,47.0,99.0
404.0,74.0,46.0,97.0
404.0,76.0,46.0,93.0
396.0,74.0,45.0,97.0
388.0,74.0,44.0,97.0
383.0,73.0,44.0,99.0
380.0,74.0,43.0,97.0
381.0,80.0,41.0,93.0
382.0,86.0,40.0,86.0
379.0,93.0,48.0,86.0
380.0,102.0,47.0,84.0
367.0,118.0,63.0,74.0
370.0,118.0,68.0,75.0
371.0,115.0,72.0,78.0
371.0,111.0,69.0,87.0
371.0,111.0,69.0,87.0
376.0,106.0,65.0,96.0
379.0,100.0,68.0,100.0
380.0,75.0,56.0,124.0
362.0,68.0,61.0,124.0
353.0,31.0,63.0,160.0
341.0,6.0,64.0,163.0
323.0,6.0,64.0,150.0
291.0,15.0,66.0,144.0
253.0,22.0,65.0,141.0
225.0,27.0,67.0,147.0
209.0,29.0,66.0,144.0
206.0,26.0,61.0,150.0
194.0,19.0,62.0,147.0
177.0,18.0,61.0,150.0
150.0,20.0,60.0,147.0
133.0,24.0,57.0,162.0
128.0,30.0,60.0,149.0
130.0,40.0,71.0,127.0
113.0,50.0,74.0,115.0
79.0,68.0,77.0,104.0
67.0,79.0,72.0,102.0
67.0,98.0,73.0,96.0
74.0,122.0,73.0,85.0
82.0,147.0,74.0,79.0
97.0,169.0,70.0,70.0
120.0,185.0,65.0,64.0
177.0,214.0,68.0,67.0
200.0,227.0,68.0,66.0
227.0,223.0,65.0,69.0
244.0,214.0,69.0,75.0
252.0,214.0,73.0,75.0
252.0,214.0,73.0,75.0
266.0,212.0,79.0,75.0
274.0,217.0,89.0,71.0
283.0,225.0,93.0,74.0
284.0,213.0,79.0,80.0
278.0,183.0,70.0,87.0
283.0,159.0,59.0,103.0
288.0,167.0,55.0,105.0
304.0,156.0,47.0,111.0
314.0,137.0,48.0,109.0
328.0,128.0,48.0,111.0
337.0,125.0,47.0,109.0
341.0,112.0,48.0,111.0
354.0,95.0,48.0,111.0
366.0,92.0,50.0,108.0
375.0,89.0,53.0,104.0
386.0,81.0,54.0,104.0
399.0,74.0,53.0,102.0
412.0,67.0,52.0,100.0
428.0,59.0,52.0,100.0
435.0,42.0,45.0,102.0
419.0,32.0,53.0,106.0
404.0,30.0,56.0,106.0
412.0,35.0,56.0,100.0
421.0,40.0,55.0,94.0
415.0,41.0,54.0,96.0
402.0,42.0,53.0,102.0
384.0,56.0,54.0,96.0
379.0,49.0,53.0,94.0
359.0,68.0,53.0,71.0
337.0,76.0,58.0,69.0
337.0,76.0,58.0,69.0
319.0,89.0,72.0,70.0
317.0,88.0,72.0,83.0
307.0,84.0,74.0,103.0
299.0,79.0,69.0,118.0
274.0,56.0,74.0,143.0
228.0,52.0,105.0,152.0
208.0,61.0,105.0,152.0
192.0,53.0,107.0,182.0
211.0,53.0,82.0,197.0
224.0,52.0,83.0,205.0
231.0,50.0,85.0,209.0
222.0,30.0,88.0,218.0
176.0,30.0,116.0,218.0
156.0,33.0,121.0,214.0
130.0,33.0,153.0,214.0
122.0,31.0,176.0,218.0
121.0,35.0,166.0,210.0
115.0,38.0,166.0,205.0
138.0,42.0,150.0,196.0
169.0,48.0,123.0,177.0
175.0,52.0,116.0,170.0
168.0,56.0,109.0,163.0
161.0,58.0,109.0,153.0
169.0,53.0,107.0,150.0
177.0,52.0,109.0,153.0
177.0,47.0,102.0,172.0
172.0,63.0,98.0,169.0
202.0,82.0,85.0,162.0
223.0,90.0,83.0,159.0
236.0,88.0,82.0,169.0
232.0,90.0,87.0,179.0
232.0,90.0,87.0,179.0
243.0,95.0,82.0,183.0
242.0,86.0,96.0,190.0
249.0,94.0,96.0,190.0
259.0,97.0,94.0,198.0
276.0,107.0,85.0,194.0
305.0,113.0,85.0,198.0
334.0,114.0,76.0,175.0
353.0,98.0,76.0,202.0
367.0,89.0,78.0,182.0
382.0,77.0,74.0,193.0
386.0,74.0,74.0,158.0
385.0,66.0,80.0,161.0
400.0,66.0,80.0,149.0
410.0,54.0,70.0,149.0
415.0,41.0,65.0,152.0
419.0,41.0,61.0,152.0
425.0,35.0,55.0,152.0
431.0,29.0,49.0,152.0
435.0,39.0,45.0,143.0
438.0,49.0,42.0,140.0
440.0,54.0,40.0,146.0
441.0,54.0,39.0,152.0
440.0,45.0,40.0,158.0
441.0,52.0,39.0,155.0
438.0,46.0,42.0,161.0
427.0,52.0,53.0,164.0
397.0,43.0,65.0,171.0
385.0,35.0,61.0,174.0
364.0,25.0,68.0,181.0
349.0,19.0,72.0,185.0
329.0,28.0,81.0,182.0
329.0,28.0,81.0,182.0
308.0,24.0,88.0,182.0
276.0,13.0,101.0,193.0
244.0,11.0,118.0,205.0
243.0,3.0,107.0,213.0
239.0,5.0,97.0,208.0
230.0,5.0,91.0,208.0
223.0,1.0,80.0,259.0
193.0,2.0,98.0,229.0
187.0,1.0,90.0,234.0
183.0,2.0,78.0,215.0
178.0,1.0,70.0,220.0
170.0,3.0,71.0,215.0
161.0,1.0,72.0,219.0
139.0,1.0,94.0,210.0
128.0,1.0,110.0,202.0
118.0,1.0,121.0,194.0
108.0,1.0,126.0,183.0
100.0,1.0,126.0,183.0
103.0,1.0,124.0,179.0
100.0,1.0,124.0,175.0
101.0,3.0,127.0,172.0
101.0,1.0,127.0,169.0
101.0,1.0,127.0,169.0
101.0,1.0,127.0,169.0
105.0,1.0,125.0,173.0
123.0,1.0,115.0,180.0
155.0,1.0,104.0,180.0
170.0,1.0,94.0,187.0
186.0,1.0,89.0,206.0
197.0,3.0,91.0,194.0
198.0,1.0,89.0,198.0
210.0,1.0,87.0,194.0
221.0,1.0,85.0,179.0
236.0,1.0,84.0,183.0
250.0,1.0,77.0,183.0
263.0,1.0,72.0,183.0
271.0,6.0,78.0,165.0
278.0,1.0,76.0,172.0
279.0,3.0,78.0,169.0
285.0,1.0,78.0,175.0
314.0,1.0,64.0,175.0
330.0,1.0,62.0,175.0
348.0,1.0,58.0,175.0
356.0,1.0,63.0,175.0
362.0,1.0,70.0,175.0
368.0,1.0,70.0,175.0
381.0,1.0,62.0,209.0
385.0,4.0,62.0,181.0
390.0,13.0,61.0,164.0
397.0,13.0,60.0,164.0
397.0,13.0,60.0,164.0
402.0,12.0,61.0,167.0
406.0,16.0,61.0,164.0
409.0,13.0,62.0,170.0
405.0,22.0,65.0,170.0
400.0,29.0,66.0,170.0
394.0,36.0,71.0,170.0
386.0,39.0,83.0,170.0
364.0,49.0,105.0,170.0
350.0,48.0,107.0,173.0
330.0,50.0,111.0,176.0
310.0,48.0,118.0,180.0
310.0,48.0,118.0,180.0
296.0,57.0,116.0,176.0
259.0,62.0,136.0,173.0
244.0,44.0,136.0,195.0
228.0,50.0,133.0,199.0
213.0,54.0,128.0,215.0
210.0,56.0,118.0,211.0
208.0,64.0,103.0,211.0
202.0,55.0,91.0,220.0
197.0,51.0,81.0,229.0
192.0,46.0,75.0,229.0
180.0,43.0,78.0,234.0
167.0,43.0,78.0,243.0
159.0,50.0,93.0,248.0
153.0,64.0,103.0,238.0
149.0,86.0,99.0,215.0
134.0,112.0,93.0,195.0
114.0,135.0,114.0,166.0
70.0,162.0,163.0,141.0
41.0,190.0,187.0,122.0
67.0,226.0,156.0,86.0
62.0,249.0,140.0,75.0
109.0,258.0,72.0,64.0
0
0
117.0,290.0,43.0,29.0
119.0,293.0,43.0,27.0
136.0,301.0,31.0,24.0
143.0,308.0,27.0,19.0
0
0
0
0
0
0
0
0
0
0
0
0
0
0
0
0
0
0
0
0
0
0
0
0
0
0
0
0
0
0
0
0
0
0
0
0
0
0
0
0
0
0
0
0
0
0
0
0
0
0
0
0
0
0
0
0
0
0
0
0
0
0
0
0
0
0
0
0
0
0
0
0
0
0
0
0
0
0
0
0
0
0
0
0
0
0
0
0
0
0
1.0,175.0,32.0,79.0
1.0,192.0,28.0,74.0
1.0,233.0,22.0,54.0
0
0
0
0
0
0
1.0,215.0,43.0,102.0
2.0,197.0,44.0,119.0
1.0,196.0,45.0,121.0
1.0,196.0,44.0,121.0
1.0,196.0,44.0,121.0
1.0,193.0,38.0,119.0
1.0,185.0,39.0,121.0
1.0,178.0,46.0,126.0
2.0,176.0,50.0,126.0
1.0,174.0,60.0,126.0
1.0,178.0,60.0,123.0
1.0,177.0,60.0,121.0
1.0,165.0,60.0,123.0
1.0,150.0,38.0,121.0
1.0,140.0,34.0,116.0
1.0,139.0,30.0,118.0
1.0,149.0,23.0,116.0
1.0,141.0,33.0,126.0
1.0,144.0,44.0,129.0
1.0,144.0,66.0,132.0
1.0,140.0,92.0,152.0
2.0,123.0,103.0,161.0
1.0,128.0,105.0,158.0
1.0,137.0,101.0,164.0
1.0,148.0,107.0,161.0
1.0,162.0,99.0,158.0
1.0,173.0,103.0,161.0
1.0,170.0,111.0,161.0
1.0,173.0,118.0,161.0
3.0,175.0,123.0,158.0
3.0,172.0,123.0,158.0
2.0,174.0,139.0,155.0
2.0,167.0,148.0,155.0
2.0,160.0,154.0,151.0
1.0,158.0,157.0,151.0
1.0,154.0,145.0,154.0
1.0,151.0,114.0,160.0
1.0,145.0,97.0,157.0
1.0,137.0,42.0,139.0
1.0,128.0,35.0,116.0
1.0,116.0,42.0,119.0
2.0,117.0,47.0,119.0
1.0,121.0,54.0,136.0
2.0,130.0,67.0,163.0
1.0,130.0,85.0,163.0
1.0,124.0,110.0,176.0
1.0,111.0,150.0,194.0
19.0,81.0,150.0,227.0
34.0,50.0,141.0,260.0
20.0,1.0,175.0,292.0
22.0,1.0,193.0,275.0
55.0,1.0,137.0,212.0
106.0,2.0,103.0,180.0
143.0,1.0,86.0,166.0
174.0,1.0,79.0,142.0
204.0,1.0,75.0,136.0
228.0,1.0,65.0,141.0
233.0,1.0,94.0,150.0
274.0,2.0,119.0,147.0
273.0,2.0,117.0,165.0
271.0,2.0,122.0,182.0
269.0,1.0,126.0,186.0
272.0,1.0,126.0,186.0
273.0,6.0,129.0,198.0
281.0,25.0,134.0,206.0
296.0,45.0,139.0,206.0
320.0,67.0,139.0,186.0
358.0,82.0,122.0,171.0
393.0,83.0,87.0,148.0
430.0,92.0,50.0,117.0
458.0,133.0,22.0,47.0
0
0
0
0
0
0
0
0
0
0
0
0
0
0
0
0
0
0
0
452.0,184.0,28.0,54.0
434.0,209.0,46.0,63.0
425.0,180.0,55.0,178.0
425.0,180.0,55.0,178.0
391.0,181.0,81.0,179.0
336.0,221.0,81.0,139.0
284.0,215.0,79.0,145.0
245.0,213.0,79.0,147.0
201.0,213.0,82.0,147.0
167.0,228.0,82.0,132.0
144.0,238.0,90.0,122.0
119.0,226.0,94.0,134.0
95.0,220.0,102.0,140.0
74.0,208.0,98.0,152.0
51.0,200.0,96.0,160.0
29.0,195.0,92.0,165.0
1.0,189.0,90.0,171.0
1.0,180.0,83.0,180.0
1.0,172.0,51.0,179.0
1.0,158.0,44.0,162.0
1.0,156.0,29.0,135.0
0
0
0
0
0
0
0
0
1.0,114.0,38.0,97.0
1.0,112.0,52.0,101.0
5.0,119.0,80.0,91.0
20.0,118.0,83.0,97.0
34.0,122.0,86.0,101.0
41.0,121.0,96.0,114.0
41.0,121.0,96.0,114.0
57.0,129.0,102.0,124.0
80.0,127.0,106.0,140.0
103.0,131.0,115.0,149.0
130.0,139.0,117.0,158.0
153.0,149.0,124.0,158.0
182.0,160.0,122.0,158.0
213.0,163.0,117.0,158.0
240.0,174.0,110.0,152.0
249.0,187.0,119.0,143.0
266.0,176.0,121.0,178.0
288.0,182.0,113.0,178.0
341.0,190.0,72.0,170.0
356.0,192.0,70.0,168.0
367.0,192.0,84.0,168.0
379.0,194.0,95.0,166.0
382.0,195.0,98.0,165.0
389.0,201.0,91.0,159.0
397.0,205.0,83.0,155.0
398.0,207.0,82.0,153.0
400.0,211.0,80.0,149.0
390.0,213.0,90.0,147.0
382.0,217.0,98.0,143.0
370.0,221.0,110.0,139.0
370.0,229.0,110.0,131.0
374.0,231.0,106.0,129.0
381.0,235.0,99.0,125.0
390.0,239.0,90.0,121.0
382.0,253.0,98.0,107.0
373.0,259.0,107.0,101.0
360.0,259.0,91.0,101.0
334.0,267.0,100.0,93.0
334.0,267.0,100.0,93.0
314.0,269.0,100.0,91.0
286.0,274.0,102.0,86.0
261.0,273.0,92.0,87.0
233.0,280.0,46.0,80.0
209.0,277.0,51.0,83.0
181.0,270.0,55.0,90.0
154.0,272.0,54.0,88.0
112.0,266.0,69.0,94.0
89.0,263.0,66.0,97.0
69.0,262.0,70.0,98.0
58.0,258.0,66.0,102.0
55.0,251.0,62.0,109.0
50.0,245.0,62.0,115.0
35.0,240.0,68.0,120.0
19.0,237.0,72.0,123.0
4.0,232.0,71.0,126.0
1.0,219.0,70.0,141.0
1.0,214.0,38.0,131.0
1.0,203.0,36.0,74.0
0
0
0
1.0,183.0,27.0,124.0
2.0,175.0,40.0,151.0
3.0,172.0,48.0,154.0
2.0,183.0,57.0,151.0
1.0,196.0,74.0,164.0
1.0,203.0,90.0,157.0
6.0,206.0,92.0,154.0
25.0,211.0,83.0,148.0
25.0,211.0,83.0,148.0
19.0,212.0,101.0,148.0
19.0,214.0,107.0,145.0
19.0,214.0,118.0,145.0
29.0,213.0,120.0,147.0
41.0,213.0,127.0,147.0
63.0,197.0,130.0,163.0
100.0,194.0,122.0,166.0
136.0,194.0,120.0,166.0
178.0,204.0,104.0,156.0
212.0,211.0,98.0,149.0
249.0,222.0,74.0,138.0
265.0,235.0,63.0,125.0
286.0,241.0,57.0,119.0
308.0,243.0,56.0,117.0
325.0,242.0,59.0,118.0
335.0,246.0,78.0,114.0
343.0,243.0,107.0,117.0
347.0,246.0,133.0,114.0
349.0,245.0,120.0,115.0
358.0,245.0,104.0,115.0
367.0,244.0,92.0,116.0
377.0,246.0,88.0,114.0
391.0,252.0,88.0,108.0
403.0,257.0,77.0,103.0
411.0,266.0,69.0,94.0
407.0,268.0,73.0,92.0
401.0,275.0,79.0,85.0
390.0,273.0,76.0,87.0
391.0,273.0,74.0,87.0
391.0,273.0,74.0,87.0
391.0,273.0,74.0,87.0
391.0,273.0,74.0,87.0
342.0,307.0,38.0,53.0
323.0,294.0,36.0,65.0
297.0,281.0,42.0,79.0
282.0,274.0,47.0,86.0
275.0,269.0,42.0,91.0
269.0,266.0,37.0,94.0
237.0,265.0,60.0,95.0
206.0,266.0,76.0,94.0
191.0,265.0,76.0,95.0
178.0,266.0,73.0,94.0
169.0,270.0,69.0,90.0
164.0,272.0,59.0,88.0
158.0,271.0,54.0,89.0
150.0,271.0,52.0,89.0
137.0,274.0,62.0,86.0
124.0,276.0,78.0,84.0
110.0,278.0,71.0,81.0
98.0,272.0,73.0,88.0
91.0,263.0,76.0,97.0
94.0,254.0,88.0,105.0
92.0,247.0,104.0,113.0
95.0,236.0,94.0,123.0
109.0,216.0,90.0,144.0
114.0,208.0,92.0,152.0
117.0,202.0,83.0,158.0
137.0,196.0,50.0,159.0
144.0,195.0,47.0,150.0
152.0,190.0,46.0,150.0
159.0,187.0,46.0,136.0
166.0,180.0,49.0,130.0
179.0,188.0,51.0,120.0
179.0,188.0,51.0,120.0
191.0,189.0,51.0,115.0
200.0,184.0,50.0,117.0
212.0,185.0,47.0,110.0
219.0,180.0,49.0,121.0
228.0,172.0,52.0,128.0
235.0,164.0,57.0,130.0
241.0,159.0,59.0,135.0
245.0,151.0,61.0,140.0
250.0,147.0,63.0,143.0
257.0,145.0,65.0,143.0
272.0,142.0,56.0,143.0
278.0,142.0,56.0,143.0
287.0,145.0,55.0,137.0
289.0,148.0,60.0,132.0
294.0,151.0,61.0,121.0
298.0,152.0,61.0,114.0
316.0,154.0,45.0,114.0
324.0,157.0,39.0,112.0
324.0,165.0,41.0,110.0
327.0,179.0,43.0,99.0
330.0,193.0,45.0,89.0
339.0,206.0,50.0,86.0
342.0,255.0,38.0,72.0
338.0,274.0,50.0,83.0
333.0,299.0,59.0,58.0
337.0,317.0,84.0,43.0
343.0,313.0,82.0,47.0
339.0,313.0,82.0,47.0
338.0,322.0,83.0,38.0
348.0,324.0,75.0,36.0
348.0,324.0,75.0,36.0
357.0,325.0,66.0,35.0
357.0,323.0,66.0,37.0
355.0,324.0,65.0,36.0
347.0,326.0,68.0,34.0
347.0,326.0,58.0,34.0
343.0,330.0,59.0,30.0
344.0,331.0,59.0,29.0
344.0,331.0,63.0,29.0
348.0,331.0,65.0,29.0
354.0,331.0,65.0,29.0
354.0,328.0,66.0,32.0
343.0,327.0,84.0,33.0
342.0,326.0,87.0,34.0
335.0,324.0,93.0,36.0
334.0,323.0,91.0,37.0
327.0,321.0,95.0,39.0
328.0,321.0,93.0,39.0
324.0,319.0,97.0,41.0
317.0,315.0,103.0,45.0
314.0,311.0,105.0,49.0
308.0,307.0,109.0,52.0
302.0,305.0,109.0,53.0
291.0,300.0,111.0,59.0
256.0,296.0,135.0,61.0
250.0,290.0,122.0,70.0
227.0,289.0,132.0,71.0
221.0,282.0,119.0,77.0
206.0,283.0,114.0,76.0
198.0,283.0,107.0,76.0
187.0,306.0,120.0,54.0
175.0,302.0,83.0,56.0
175.0,302.0,83.0,56.0
174.0,300.0,99.0,60.0
165.0,294.0,65.0,66.0
157.0,289.0,67.0,71.0
123.0,276.0,102.0,84.0
107.0,265.0,110.0,93.0
84.0,256.0,124.0,103.0
70.0,251.0,131.0,109.0
51.0,243.0,142.0,111.0
46.0,246.0,134.0,89.0
46.0,245.0,126.0,84.0
44.0,243.0,114.0,76.0
39.0,240.0,109.0,78.0
33.0,237.0,111.0,82.0
29.0,237.0,115.0,82.0
28.0,239.0,113.0,80.0
22.0,240.0,120.0,82.0
21.0,240.0,113.0,82.0
20.0,238.0,106.0,85.0
24.0,240.0,88.0,85.0
27.0,240.0,78.0,85.0
32.0,241.0,67.0,83.0
38.0,250.0,64.0,77.0
43.0,252.0,61.0,77.0
43.0,255.0,66.0,88.0
49.0,253.0,62.0,96.0
54.0,255.0,62.0,96.0
49.0,249.0,70.0,100.0
37.0,248.0,87.0,98.0
28.0,244.0,100.0,96.0
21.0,240.0,106.0,98.0
16.0,236.0,113.0,96.0
16.0,236.0,113.0,96.0
10.0,229.0,115.0,102.0
13.0,224.0,110.0,104.0
17.0,220.0,101.0,104.0
23.0,217.0,107.0,108.0
22.0,213.0,109.0,108.0
20.0,211.0,113.0,108.0
12.0,208.0,115.0,110.0
10.0,208.0,115.0,110.0
6.0,207.0,118.0,108.0
7.0,205.0,116.0,112.0
9.0,202.0,112.0,114.0
7.0,199.0,116.0,116.0
8.0,195.0,114.0,118.0
14.0,190.0,107.0,127.0
21.0,191.0,101.0,130.0
21.0,191.0,101.0,130.0
39.0,193.0,86.0,127.0
39.0,195.0,100.0,118.0
35.0,191.0,104.0,111.0
28.0,191.0,98.0,106.0
22.0,191.0,102.0,106.0
22.0,190.0,94.0,104.0
25.0,189.0,92.0,102.0
28.0,186.0,94.0,106.0
32.0,184.0,90.0,106.0
37.0,184.0,88.0,106.0
43.0,183.0,83.0,108.0
48.0,178.0,77.0,115.0
50.0,173.0,73.0,124.0
56.0,170.0,68.0,126.0
56.0,170.0,68.0,126.0
57.0,163.0,78.0,131.0
55.0,151.0,90.0,128.0
57.0,131.0,90.0,125.0
62.0,96.0,90.0,156.0
77.0,58.0,81.0,183.0
75.0,27.0,95.0,187.0
84.0,10.0,91.0,183.0
94.0,6.0,89.0,162.0
95.0,1.0,94.0,156.0
102.0,1.0,90.0,156.0
107.0,1.0,88.0,135.0
118.0,1.0,72.0,132.0
132.0,2.0,59.0,126.0
140.0,1.0,55.0,124.0
145.0,16.0,56.0,114.0
154.0,24.0,56.0,107.0
165.0,33.0,57.0,86.0
183.0,37.0,51.0,62.0
195.0,41.0,49.0,55.0
215.0,41.0,40.0,51.0
230.0,35.0,40.0,52.0
249.0,33.0,35.0,50.0
266.0,31.0,35.0,52.0
298.0,29.0,32.0,60.0
309.0,30.0,33.0,65.0
321.0,30.0,36.0,69.0
335.0,30.0,36.0,73.0
346.0,34.0,40.0,74.0
359.0,35.0,41.0,77.0
372.0,37.0,44.0,80.0
381.0,45.0,47.0,76.0
381.0,45.0,47.0,76.0
391.0,52.0,53.0,75.0
400.0,56.0,56.0,75.0
407.0,60.0,58.0,72.0
416.0,62.0,59.0,74.0
425.0,63.0,55.0,80.0
433.0,57.0,47.0,96.0
439.0,61.0,41.0,104.0
442.0,65.0,38.0,108.0
443.0,72.0,37.0,106.0
445.0,73.0,35.0,110.0
442.0,81.0,38.0,110.0
437.0,86.0,43.0,115.0
427.0,94.0,53.0,115.0
414.0,99.0,66.0,120.0
401.0,100.0,79.0,120.0
387.0,109.0,92.0,122.0
364.0,104.0,104.0,129.0
347.0,108.0,102.0,129.0
333.0,110.0,102.0,137.0
319.0,108.0,94.0,146.0
321.0,113.0,63.0,149.0
303.0,114.0,54.0,165.0
286.0,115.0,52.0,178.0
248.0,105.0,48.0,185.0
230.0,105.0,46.0,200.0
218.0,107.0,55.0,196.0
205.0,107.0,53.0,196.0
189.0,109.0,51.0,192.0
173.0,105.0,57.0,199.0
155.0,109.0,68.0,191.0
155.0,109.0,68.0,191.0
151.0,111.0,65.0,180.0
132.0,119.0,78.0,156.0
128.0,116.0,81.0,150.0
120.0,121.0,81.0,125.0
116.0,106.0,76.0,125.0
117.0,120.0,56.0,98.0
117.0,108.0,56.0,98.0
118.0,109.0,55.0,92.0
119.0,76.0,70.0,117.0
121.0,71.0,85.0,112.0
129.0,68.0,87.0,112.0
136.0,63.0,87.0,112.0
147.0,59.0,85.0,119.0
157.0,55.0,78.0,121.0
163.0,55.0,75.0,121.0
175.0,55.0,64.0,121.0
186.0,54.0,60.0,119.0
201.0,55.0,52.0,112.0
214.0,53.0,52.0,112.0
230.0,52.0,46.0,110.0
248.0,53.0,43.0,104.0
265.0,54.0,42.0,98.0
279.0,56.0,44.0,94.0
294.0,54.0,46.0,94.0
316.0,52.0,56.0,94.0
329.0,54.0,56.0,98.0
340.0,54.0,57.0,98.0
351.0,53.0,58.0,104.0
362.0,52.0,58.0,106.0
373.0,53.0,59.0,108.0
383.0,55.0,59.0,108.0
383.0,55.0,59.0,108.0
396.0,56.0,53.0,110.0
405.0,59.0,49.0,104.0
413.0,63.0,51.0,104.0
419.0,67.0,55.0,96.0
426.0,72.0,54.0,89.0
430.0,73.0,50.0,91.0
434.0,75.0,46.0,95.0
435.0,78.0,45.0,95.0
436.0,83.0,44.0,97.0
436.0,84.0,44.0,99.0
433.0,86.0,47.0,107.0
430.0,94.0,50.0,107.0
426.0,97.0,54.0,114.0
421.0,104.0,59.0,114.0
415.0,108.0,65.0,126.0
408.0,113.0,71.0,136.0
397.0,114.0,83.0,144.0
390.0,122.0,85.0,147.0
379.0,125.0,78.0,153.0
366.0,130.0,76.0,156.0
354.0,128.0,70.0,159.0
339.0,133.0,69.0,162.0
324.0,133.0,69.0,162.0
307.0,133.0,72.0,162.0
270.0,131.0,75.0,186.0
260.0,131.0,72.0,194.0
245.0,131.0,79.0,194.0
233.0,125.0,77.0,198.0
214.0,120.0,78.0,194.0
182.0,115.0,91.0,198.0
165.0,110.0,99.0,186.0
165.0,110.0,99.0,186.0
138.0,105.0,107.0,168.0
139.0,103.0,99.0,178.0
135.0,98.0,93.0,174.0
138.0,95.0,84.0,174.0
134.0,90.0,82.0,177.0
125.0,88.0,85.0,181.0
125.0,86.0,82.0,185.0
121.0,86.0,80.0,178.0
129.0,84.0,69.0,158.0
138.0,82.0,60.0,161.0
140.0,82.0,59.0,161.0
140.0,91.0,54.0,137.0
144.0,102.0,50.0,142.0
149.0,111.0,45.0,142.0
154.0,132.0,41.0,134.0
154.0,145.0,55.0,123.0
154.0,157.0,59.0,118.0
155.0,170.0,56.0,103.0
156.0,179.0,52.0,93.0
147.0,194.0,65.0,74.0
141.0,206.0,67.0,60.0
135.0,214.0,71.0,47.0
0
0
0
0
0
0
0
0
0
0
0
0
0
0
0
0
0
0
0
0
0
138.0,224.0,58.0,40.0
135.0,224.0,58.0,40.0
135.0,224.0,57.0,41.0
132.0,224.0,57.0,41.0
132.0,224.0,57.0,41.0
132.0,224.0,59.0,41.0
132.0,224.0,59.0,41.0
133.0,225.0,60.0,40.0
132.0,227.0,62.0,39.0
132.0,227.0,62.0,39.0
132.0,224.0,63.0,40.0
131.0,224.0,65.0,41.0
123.0,218.0,64.0,43.0
124.0,216.0,60.0,42.0
123.0,218.0,61.0,44.0
123.0,217.0,66.0,41.0
127.0,218.0,60.0,40.0
127.0,217.0,58.0,36.0
0
0
0
0
0
0
0
0
0
0
0
0
0
0
0
0
0
0
0
0
0
0
0
0
0
0
0
0
0
0
0
116.0,197.0,18.0,19.0
119.0,198.0,18.0,19.0
119.0,198.0,18.0,19.0
122.0,198.0,20.0,22.0
122.0,197.0,23.0,24.0
124.0,200.0,23.0,24.0
126.0,198.0,23.0,26.0
128.0,200.0,23.0,25.0
128.0,202.0,25.0,26.0
129.0,201.0,25.0,26.0
131.0,199.0,25.0,27.0
133.0,200.0,25.0,27.0
135.0,203.0,26.0,28.0
138.0,208.0,25.0,26.0
141.0,214.0,25.0,26.0
142.0,217.0,25.0,26.0
141.0,214.0,27.0,30.0
137.0,210.0,28.0,31.0
134.0,206.0,24.0,27.0
128.0,197.0,29.0,43.0
121.0,187.0,40.0,54.0
114.0,173.0,46.0,64.0
107.0,160.0,56.0,75.0
102.0,154.0,63.0,85.0
95.0,147.0,71.0,83.0
89.0,146.0,81.0,77.0
81.0,147.0,90.0,67.0
74.0,158.0,82.0,58.0
72.0,163.0,71.0,53.0
69.0,162.0,71.0,56.0
65.0,160.0,75.0,58.0
62.0,158.0,78.0,62.0
63.0,159.0,76.0,61.0
63.0,159.0,76.0,61.0
62.0,153.0,76.0,67.0
64.0,150.0,70.0,66.0
68.0,146.0,56.0,65.0
68.0,146.0,58.0,62.0
65.0,145.0,64.0,63.0
62.0,148.0,73.0,61.0
62.0,152.0,76.0,57.0
63.0,153.0,74.0,57.0
64.0,156.0,71.0,55.0
60.0,156.0,72.0,56.0
54.0,159.0,75.0,54.0
53.0,159.0,77.0,55.0
49.0,159.0,80.0,55.0
44.0,162.0,83.0,52.0
43.0,164.0,85.0,49.0
42.0,166.0,87.0,59.0
43.0,165.0,85.0,67.0
41.0,152.0,82.0,80.0
39.0,150.0,87.0,85.0
38.0,164.0,82.0,69.0
37.0,169.0,80.0,65.0
38.0,170.0,78.0,64.0
39.0,168.0,77.0,66.0
39.0,167.0,77.0,67.0
41.0,158.0,77.0,75.0
43.0,150.0,74.0,83.0
45.0,151.0,77.0,81.0
42.0,156.0,77.0,78.0
42.0,158.0,77.0,76.0
42.0,159.0,77.0,76.0
43.0,160.0,75.0,75.0
43.0,160.0,75.0,75.0
44.0,162.0,74.0,74.0
44.0,165.0,74.0,71.0
42.0,168.0,78.0,69.0
44.0,167.0,78.0,68.0
44.0,168.0,78.0,68.0
46.0,171.0,78.0,64.0
46.0,172.0,78.0,71.0
46.0,172.0,78.0,71.0
47.0,171.0,76.0,84.0
45.0,172.0,76.0,86.0
45.0,172.0,76.0,86.0
43.0,175.0,81.0,81.0
37.0,173.0,84.0,82.0
38.0,172.0,82.0,83.0
34.0,176.0,71.0,78.0
33.0,177.0,72.0,77.0
33.0,183.0,72.0,66.0
33.0,179.0,78.0,72.0
37.0,177.0,78.0,80.0
44.0,178.0,74.0,84.0
50.0,178.0,74.0,84.0
57.0,178.0,75.0,84.0
65.0,180.0,74.0,82.0
64.0,182.0,74.0,82.0
64.0,173.0,75.0,90.0
65.0,175.0,77.0,90.0
65.0,176.0,78.0,92.0
69.0,177.0,76.0,98.0
73.0,176.0,78.0,104.0
77.0,175.0,77.0,106.0
81.0,181.0,77.0,102.0
81.0,181.0,77.0,102.0
83.0,185.0,77.0,98.0
85.0,182.0,77.0,98.0
87.0,171.0,74.0,102.0
88.0,170.0,74.0,98.0
91.0,161.0,75.0,100.0
96.0,151.0,75.0,104.0
98.0,148.0,76.0,100.0
100.0,146.0,79.0,98.0
98.0,148.0,89.0,94.0
100.0,138.0,89.0,98.0
97.0,139.0,95.0,96.0
97.0,147.0,95.0,87.0
92.0,175.0,101.0,58.0
87.0,190.0,107.0,59.0
90.0,192.0,101.0,57.0
91.0,194.0,103.0,56.0
88.0,191.0,109.0,57.0
83.0,189.0,115.0,58.0
80.0,185.0,115.0,63.0
79.0,178.0,111.0,67.0
78.0,169.0,102.0,75.0
76.0,165.0,96.0,80.0
74.0,163.0,94.0,80.0
75.0,164.0,92.0,78.0
80.0,163.0,90.0,83.0
83.0,159.0,80.0,87.0
88.0,159.0,65.0,90.0
94.0,160.0,61.0,92.0
98.0,159.0,63.0,90.0
99.0,156.0,66.0,92.0
99.0,159.0,66.0,90.0
102.0,157.0,66.0,90.0
101.0,157.0,70.0,94.0
106.0,157.0,70.0,98.0
112.0,155.0,69.0,102.0
116.0,157.0,64.0,102.0
118.0,158.0,63.0,104.0
118.0,159.0,63.0,106.0
117.0,163.0,63.0,106.0
117.0,164.0,62.0,108.0
112.0,166.0,67.0,108.0
115.0,169.0,65.0,106.0
115.0,169.0,65.0,106.0
112.0,171.0,69.0,106.0
112.0,171.0,69.0,106.0
109.0,170.0,72.0,104.0
108.0,169.0,69.0,106.0
106.0,167.0,71.0,106.0
113.0,167.0,63.0,106.0
125.0,162.0,56.0,108.0
125.0,160.0,59.0,108.0
121.0,153.0,63.0,110.0
109.0,143.0,81.0,108.0
109.0,124.0,86.0,110.0
113.0,105.0,88.0,129.0
117.0,94.0,92.0,140.0
136.0,70.0,78.0,110.0
151.0,63.0,62.0,101.0
169.0,56.0,53.0,103.0
176.0,51.0,49.0,101.0
175.0,48.0,56.0,107.0
171.0,45.0,63.0,114.0
171.0,45.0,63.0,114.0
170.0,46.0,69.0,103.0
174.0,48.0,70.0,88.0
182.0,48.0,67.0,85.0
187.0,52.0,66.0,81.0
191.0,58.0,65.0,77.0
186.0,63.0,70.0,70.0
185.0,68.0,70.0,68.0
185.0,70.0,67.0,68.0
182.0,71.0,67.0,71.0
181.0,70.0,65.0,73.0
178.0,65.0,70.0,77.0
171.0,62.0,80.0,79.0
165.0,56.0,100.0,78.0
169.0,45.0,104.0,86.0
176.0,32.0,106.0,105.0
192.0,14.0,100.0,123.0
198.0,1.0,108.0,115.0
213.0,1.0,112.0,98.0
222.0,1.0,101.0,87.0
229.0,1.0,88.0,87.0
242.0,1.0,88.0,80.0
255.0,1.0,81.0,80.0
278.0,1.0,66.0,59.0
281.0,1.0,87.0,69.0
285.0,1.0,87.0,76.0
302.0,1.0,79.0,100.0
318.0,1.0,70.0,113.0
343.0,13.0,51.0,105.0
362.0,28.0,38.0,103.0
369.0,42.0,39.0,105.0
369.0,50.0,46.0,109.0
370.0,50.0,45.0,109.0
372.0,55.0,49.0,118.0
376.0,63.0,52.0,125.0
383.0,71.0,56.0,123.0
394.0,73.0,62.0,125.0
404.0,79.0,67.0,123.0
414.0,83.0,66.0,120.0
419.0,90.0,61.0,115.0
422.0,98.0,58.0,112.0
424.0,100.0,56.0,108.0
429.0,100.0,51.0,96.0
434.0,102.0,46.0,82.0
441.0,105.0,39.0,78.0
448.0,109.0,32.0,68.0
453.0,106.0,27.0,59.0
460.0,113.0,20.0,42.0
468.0,116.0,12.0,42.0
0
0
466.0,119.0,14.0,42.0
460.0,126.0,20.0,37.0
455.0,128.0,25.0,37.0
447.0,129.0,33.0,45.0
441.0,102.0,39.0,87.0
432.0,106.0,48.0,100.0
418.0,110.0,62.0,113.0
388.0,124.0,91.0,109.0
371.0,139.0,78.0,96.0
351.0,138.0,86.0,122.0
333.0,140.0,79.0,127.0
316.0,139.0,71.0,135.0
316.0,139.0,71.0,135.0
297.0,140.0,62.0,138.0
278.0,133.0,59.0,141.0
258.0,130.0,57.0,141.0
237.0,123.0,54.0,144.0
216.0,114.0,53.0,147.0
198.0,104.0,58.0,147.0
181.0,99.0,65.0,141.0
167.0,93.0,69.0,133.0
152.0,82.0,75.0,133.0
142.0,74.0,77.0,128.0
129.0,68.0,82.0,121.0
124.0,56.0,81.0,121.0
119.0,50.0,85.0,109.0
118.0,35.0,83.0,102.0
100.0,30.0,99.0,94.0
90.0,27.0,107.0,78.0
90.0,21.0,107.0,69.0
93.0,22.0,105.0,56.0
101.0,18.0,101.0,55.0
108.0,14.0,95.0,55.0
120.0,11.0,88.0,58.0
134.0,11.0,83.0,58.0
148.0,2.0,72.0,68.0
163.0,3.0,64.0,69.0
177.0,1.0,57.0,75.0
202.0,7.0,44.0,76.0
217.0,18.0,35.0,70.0
227.0,22.0,36.0,68.0
238.0,26.0,36.0,64.0
255.0,32.0,36.0,63.0
268.0,44.0,34.0,62.0
268.0,44.0,34.0,62.0
285.0,53.0,36.0,62.0
294.0,59.0,42.0,62.0
306.0,64.0,47.0,60.0
319.0,69.0,51.0,59.0
330.0,72.0,54.0,60.0
337.0,79.0,55.0,60.0
341.0,81.0,57.0,63.0
346.0,86.0,58.0,66.0
353.0,92.0,59.0,66.0
361.0,93.0,63.0,70.0
370.0,95.0,67.0,74.0
377.0,102.0,72.0,75.0
385.0,104.0,78.0,75.0
394.0,103.0,80.0,77.0
399.0,104.0,80.0,79.0
401.0,97.0,79.0,89.0
403.0,89.0,77.0,105.0
402.0,90.0,78.0,107.0
401.0,93.0,79.0,109.0
390.0,95.0,89.0,115.0
384.0,100.0,87.0,120.0
369.0,101.0,92.0,125.0
356.0,105.0,91.0,127.0
341.0,109.0,95.0,130.0
325.0,112.0,97.0,130.0
289.0,125.0,95.0,130.0
269.0,129.0,93.0,133.0
250.0,131.0,89.0,135.0
229.0,129.0,89.0,134.0
213.0,132.0,86.0,134.0
197.0,125.0,85.0,131.0
197.0,125.0,85.0,131.0
177.0,119.0,90.0,128.0
165.0,113.0,83.0,126.0
150.0,108.0,83.0,121.0
129.0,107.0,90.0,109.0
108.0,101.0,97.0,95.0
95.0,60.0,99.0,116.0
83.0,50.0,103.0,111.0
76.0,47.0,105.0,104.0
66.0,40.0,111.0,110.0
65.0,39.0,113.0,108.0
65.0,35.0,113.0,108.0
73.0,31.0,106.0,108.0
79.0,26.0,103.0,102.0
81.0,11.0,103.0,108.0
86.0,1.0,101.0,108.0
91.0,2.0,99.0,92.0
103.0,1.0,93.0,88.0
110.0,1.0,95.0,80.0
118.0,1.0,93.0,82.0
134.0,1.0,87.0,77.0
144.0,1.0,87.0,79.0
163.0,1.0,81.0,82.0
172.0,1.0,82.0,82.0
164.0,1.0,101.0,83.0
185.0,1.0,95.0,87.0
236.0,1.0,74.0,93.0
257.0,2.0,70.0,101.0
276.0,1.0,65.0,114.0
296.0,2.0,62.0,125.0
313.0,5.0,62.0,132.0
313.0,5.0,62.0,132.0
330.0,18.0,69.0,131.0
349.0,35.0,73.0,134.0
363.0,57.0,76.0,124.0
380.0,75.0,76.0,122.0
396.0,76.0,84.0,132.0
411.0,82.0,69.0,137.0
420.0,88.0,60.0,137.0
427.0,91.0,53.0,137.0
425.0,92.0,55.0,142.0
418.0,96.0,62.0,154.0
414.0,102.0,66.0,157.0
410.0,106.0,70.0,163.0
408.0,111.0,72.0,167.0
405.0,118.0,75.0,167.0
394.0,121.0,86.0,167.0
384.0,125.0,91.0,167.0
375.0,128.0,91.0,167.0
364.0,136.0,99.0,167.0
364.0,136.0,99.0,167.0
364.0,136.0,99.0,167.0
364.0,136.0,99.0,167.0
277.0,137.0,95.0,192.0
253.0,130.0,89.0,192.0
230.0,132.0,87.0,188.0
208.0,126.0,83.0,191.0
183.0,126.0,89.0,191.0
162.0,141.0,95.0,177.0
145.0,139.0,97.0,174.0
126.0,138.0,103.0,174.0
111.0,146.0,103.0,164.0
99.0,136.0,99.0,167.0
99.0,136.0,99.0,167.0
91.0,131.0,88.0,167.0
91.0,120.0,75.0,170.0
85.0,105.0,81.0,167.0
79.0,90.0,83.0,170.0
74.0,75.0,90.0,173.0
68.0,50.0,98.0,188.0
62.0,28.0,106.0,200.0
49.0,20.0,129.0,200.0
48.0,31.0,137.0,174.0
57.0,27.0,134.0,160.0
74.0,22.0,126.0,148.0
119.0,19.0,86.0,142.0
139.0,14.0,77.0,142.0
157.0,12.0,72.0,134.0
171.0,8.0,74.0,136.0
181.0,8.0,72.0,136.0
192.0,8.0,72.0,136.0
219.0,9.0,72.0,135.0
234.0,11.0,68.0,132.0
243.0,13.0,70.0,135.0
260.0,16.0,65.0,135.0
274.0,23.0,60.0,133.0
291.0,28.0,66.0,133.0
302.0,32.0,79.0,130.0
312.0,38.0,94.0,130.0
328.0,44.0,104.0,125.0
342.0,50.0,104.0,125.0
349.0,54.0,110.0,128.0
359.0,57.0,115.0,128.0
368.0,62.0,112.0,131.0
368.0,62.0,112.0,131.0
380.0,66.0,100.0,131.0
387.0,68.0,93.0,134.0
399.0,75.0,81.0,134.0
405.0,82.0,75.0,134.0
403.0,89.0,77.0,139.0
402.0,92.0,78.0,151.0
404.0,100.0,76.0,167.0
411.0,93.0,69.0,196.0
417.0,95.0,63.0,216.0
421.0,94.0,59.0,225.0
420.0,105.0,60.0,230.0
413.0,123.0,67.0,230.0
407.0,123.0,73.0,237.0
401.0,127.0,79.0,233.0
389.0,122.0,80.0,238.0
379.0,120.0,74.0,240.0
370.0,120.0,70.0,240.0
361.0,118.0,65.0,242.0
333.0,111.0,73.0,249.0
311.0,111.0,87.0,249.0
291.0,106.0,96.0,254.0
271.0,102.0,106.0,258.0
257.0,96.0,112.0,264.0
245.0,93.0,119.0,264.0
230.0,79.0,126.0,264.0
217.0,71.0,134.0,259.0
207.0,60.0,137.0,249.0
193.0,58.0,142.0,234.0
178.0,56.0,148.0,220.0
168.0,38.0,151.0,220.0
156.0,33.0,157.0,211.0
156.0,33.0,157.0,211.0
153.0,24.0,157.0,211.0
153.0,15.0,157.0,211.0
149.0,12.0,160.0,207.0
149.0,3.0,160.0,207.0
147.0,3.0,157.0,207.0
149.0,5.0,154.0,195.0
160.0,1.0,145.0,199.0
169.0,1.0,145.0,187.0
178.0,1.0,145.0,191.0
184.0,1.0,145.0,166.0
194.0,1.0,142.0,159.0
204.0,1.0,139.0,152.0
210.0,3.0,142.0,146.0
224.0,1.0,139.0,143.0
234.0,1.0,139.0,143.0
242.0,1.0,136.0,143.0
251.0,3.0,133.0,132.0
282.0,2.0,118.0,143.0
296.0,1.0,111.0,149.0
319.0,1.0,100.0,155.0
334.0,1.0,108.0,164.0
353.0,1.0,106.0,168.0
362.0,1.0,102.0,172.0
380.0,2.0,89.0,172.0
392.0,1.0,82.0,182.0
407.0,3.0,73.0,179.0
417.0,1.0,63.0,182.0
431.0,1.0,49.0,189.0
451.0,1.0,29.0,189.0
458.0,3.0,22.0,185.0
464.0,4.0,16.0,167.0
464.0,4.0,16.0,167.0
466.0,7.0,14.0,161.0
465.0,6.0,15.0,168.0
465.0,12.0,15.0,168.0
466.0,14.0,14.0,165.0
0
0
0
0
0
0
463.0,65.0,17.0,171.0
457.0,62.0,23.0,192.0
451.0,58.0,29.0,200.0
444.0,54.0,36.0,208.0
434.0,41.0,46.0,225.0
420.0,37.0,60.0,225.0
404.0,40.0,76.0,221.0
365.0,32.0,91.0,221.0
346.0,25.0,97.0,221.0
326.0,19.0,101.0,216.0
308.0,13.0,105.0,212.0
290.0,9.0,109.0,204.0
271.0,3.0,115.0,200.0
251.0,1.0,120.0,196.0
235.0,1.0,122.0,192.0
220.0,1.0,122.0,184.0
207.0,1.0,124.0,173.0
194.0,1.0,124.0,170.0
185.0,1.0,126.0,163.0
172.0,1.0,132.0,148.0
172.0,1.0,132.0,148.0
162.0,1.0,132.0,148.0
161.0,1.0,130.0,139.0
158.0,1.0,132.0,128.0
160.0,3.0,129.0,125.0
159.0,1.0,132.0,128.0
164.0,1.0,132.0,123.0
166.0,1.0,129.0,116.0
168.0,1.0,131.0,114.0
175.0,1.0,124.0,105.0
183.0,2.0,121.0,99.0
198.0,3.0,110.0,93.0
213.0,4.0,104.0,87.0
227.0,2.0,98.0,91.0
244.0,3.0,90.0,93.0
262.0,1.0,80.0,96.0
288.0,1.0,63.0,98.0
302.0,1.0,58.0,98.0
314.0,1.0,62.0,98.0
338.0,3.0,73.0,94.0
348.0,4.0,83.0,92.0
357.0,1.0,92.0,96.0
362.0,6.0,104.0,96.0
374.0,1.0,104.0,108.0
384.0,1.0,96.0,110.0
393.0,2.0,87.0,119.0
401.0,1.0,79.0,137.0
412.0,1.0,68.0,157.0
427.0,1.0,53.0,166.0
437.0,1.0,43.0,176.0
445.0,3.0,35.0,173.0
451.0,6.0,29.0,163.0
451.0,6.0,29.0,163.0
456.0,74.0,24.0,41.0
456.0,85.0,24.0,41.0
457.0,99.0,23.0,44.0
456.0,121.0,24.0,53.0
453.0,144.0,27.0,77.0
449.0,171.0,31.0,87.0
452.0,216.0,28.0,77.0
450.0,254.0,30.0,93.0
457.0,290.0,23.0,70.0
453.0,318.0,27.0,42.0
441.0,337.0,39.0,23.0
0
416.0,330.0,64.0,30.0
395.0,321.0,85.0,39.0
373.0,308.0,107.0,52.0
365.0,296.0,115.0,64.0
347.0,278.0,124.0,82.0
300.0,269.0,123.0,91.0
263.0,253.0,166.0,107.0
261.0,246.0,156.0,114.0
214.0,239.0,206.0,121.0
190.0,234.0,197.0,126.0
184.0,233.0,185.0,125.0
176.0,236.0,167.0,118.0
180.0,241.0,157.0,111.0
174.0,239.0,163.0,111.0
157.0,232.0,163.0,111.0
141.0,228.0,148.0,115.0
125.0,209.0,148.0,130.0
118.0,212.0,137.0,125.0
102.0,194.0,145.0,139.0
102.0,197.0,145.0,139.0
76.0,178.0,163.0,163.0
78.0,166.0,153.0,150.0
76.0,164.0,147.0,122.0
80.0,160.0,125.0,115.0
70.0,156.0,111.0,135.0
63.0,150.0,102.0,135.0
53.0,146.0,106.0,144.0
42.0,145.0,124.0,147.0
32.0,145.0,151.0,147.0
7.0,149.0,180.0,150.0
2.0,155.0,191.0,138.0
1.0,165.0,195.0,122.0
1.0,172.0,187.0,108.0
1.0,176.0,180.0,108.0
1.0,176.0,166.0,108.0
1.0,173.0,128.0,110.0
1.0,171.0,115.0,114.0
1.0,159.0,115.0,116.0
1.0,154.0,110.0,120.0
1.0,154.0,101.0,135.0
1.0,153.0,95.0,127.0
1.0,156.0,97.0,120.0
1.0,157.0,97.0,118.0
1.0,156.0,97.0,120.0
1.0,151.0,107.0,135.0
1.0,147.0,118.0,132.0
1.0,146.0,118.0,119.0
1.0,147.0,128.0,117.0
1.0,147.0,116.0,122.0
1.0,145.0,111.0,132.0
1.0,149.0,107.0,129.0
1.0,145.0,99.0,137.0
1.0,141.0,79.0,152.0
1.0,143.0,73.0,149.0
2.0,137.0,76.0,155.0
1.0,136.0,103.0,152.0
1.0,137.0,123.0,149.0
9.0,137.0,139.0,149.0
18.0,138.0,150.0,149.0
29.0,140.0,153.0,146.0
31.0,139.0,159.0,149.0
31.0,139.0,159.0,137.0
30.0,140.0,162.0,131.0
24.0,136.0,168.0,129.0
33.0,135.0,164.0,127.0
38.0,134.0,171.0,124.0
35.0,135.0,178.0,122.0
35.0,132.0,178.0,127.0
35.0,132.0,178.0,127.0
24.0,131.0,185.0,140.0
30.0,129.0,181.0,145.0
33.0,130.0,174.0,148.0
37.0,130.0,167.0,154.0
34.0,129.0,173.0,157.0
34.0,129.0,173.0,157.0
34.0,132.0,173.0,157.0
34.0,134.0,173.0,160.0
34.0,134.0,173.0,166.0
34.0,132.0,173.0,169.0
37.0,129.0,160.0,176.0
43.0,129.0,142.0,176.0
52.0,124.0,123.0,180.0
52.0,122.0,123.0,176.0
51.0,121.0,120.0,172.0
55.0,112.0,118.0,175.0
55.0,104.0,118.0,168.0
64.0,91.0,115.0,158.0
75.0,73.0,115.0,155.0
83.0,42.0,123.0,178.0
88.0,1.0,128.0,209.0
89.0,1.0,128.0,209.0
93.0,1.0,102.0,209.0
118.0,1.0,85.0,158.0
138.0,1.0,74.0,122.0
159.0,1.0,73.0,84.0
178.0,1.0,82.0,57.0
182.0,1.0,96.0,42.0
184.0,1.0,106.0,46.0
198.0,1.0,102.0,59.0
224.0,1.0,89.0,79.0
268.0,3.0,85.0,115.0
278.0,1.0,92.0,115.0
288.0,1.0,97.0,113.0
306.0,1.0,97.0,113.0
330.0,1.0,93.0,118.0
354.0,1.0,84.0,122.0
374.0,1.0,76.0,129.0
397.0,1.0,67.0,126.0
423.0,1.0,57.0,129.0
446.0,1.0,34.0,119.0
461.0,14.0,19.0,86.0
0
0
0
0
0
0
0
0
0
0
0
0
0
0
0
0
0
0
0
0
0
0
0
0
448.0,115.0,32.0,109.0
411.0,98.0,69.0,139.0
371.0,98.0,103.0,139.0
334.0,89.0,114.0,150.0
308.0,77.0,119.0,159.0
281.0,60.0,121.0,172.0
261.0,54.0,116.0,165.0
239.0,45.0,111.0,158.0
227.0,28.0,103.0,164.0
216.0,14.0,95.0,167.0
216.0,14.0,95.0,167.0
200.0,6.0,99.0,166.0
187.0,2.0,97.0,166.0
175.0,1.0,97.0,169.0
166.0,1.0,91.0,159.0
155.0,1.0,91.0,149.0
148.0,1.0,89.0,135.0
143.0,1.0,89.0,130.0
143.0,1.0,85.0,130.0
143.0,1.0,85.0,98.0
144.0,1.0,81.0,90.0
148.0,1.0,79.0,76.0
151.0,1.0,82.0,66.0
160.0,1.0,82.0,55.0
172.0,1.0,82.0,49.0
186.0,1.0,79.0,46.0
196.0,2.0,83.0,48.0
211.0,1.0,78.0,54.0
224.0,1.0,73.0,61.0
259.0,2.0,66.0,75.0
278.0,1.0,64.0,84.0
299.0,1.0,59.0,91.0
320.0,1.0,57.0,95.0
343.0,1.0,57.0,101.0
366.0,3.0,56.0,97.0
385.0,1.0,58.0,107.0
401.0,2.0,67.0,109.0
417.0,15.0,63.0,103.0
433.0,18.0,47.0,109.0
448.0,25.0,32.0,113.0
458.0,66.0,22.0,82.0
465.0,78.0,15.0,64.0
466.0,78.0,14.0,64.0
0
0
0
0
0
0
0
0
0
0
460.0,142.0,20.0,39.0
445.0,144.0,35.0,46.0
429.0,146.0,51.0,56.0
416.0,150.0,64.0,57.0
402.0,152.0,78.0,63.0
384.0,94.0,96.0,123.0
370.0,95.0,110.0,128.0
333.0,102.0,146.0,138.0
316.0,102.0,158.0,150.0
301.0,102.0,151.0,162.0
285.0,106.0,139.0,168.0
261.0,105.0,134.0,178.0
244.0,94.0,119.0,193.0
227.0,100.0,105.0,189.0
207.0,98.0,91.0,185.0
173.0,86.0,93.0,188.0
134.0,79.0,113.0,188.0
116.0,86.0,127.0,216.0
94.0,60.0,149.0,248.0
74.0,62.0,171.0,243.0
61.0,60.0,178.0,238.0
61.0,60.0,178.0,238.0
74.0,63.0,151.0,215.0
77.0,57.0,134.0,219.0
74.0,48.0,131.0,228.0
62.0,54.0,139.0,215.0
54.0,52.0,144.0,219.0
57.0,45.0,144.0,223.0
67.0,47.0,136.0,219.0
72.0,47.0,131.0,219.0
80.0,40.0,126.0,223.0
85.0,42.0,128.0,218.0
95.0,40.0,125.0,222.0
104.0,42.0,135.0,218.0
119.0,48.0,137.0,206.0
133.0,52.0,137.0,206.0
145.0,60.0,134.0,198.0
165.0,58.0,117.0,194.0
181.0,64.0,102.0,183.0
223.0,60.0,78.0,183.0
243.0,62.0,75.0,194.0
264.0,64.0,69.0,206.0
283.0,70.0,65.0,194.0
301.0,72.0,65.0,183.0
321.0,78.0,66.0,187.0
340.0,78.0,62.0,187.0
361.0,86.0,56.0,183.0
379.0,89.0,56.0,176.0
396.0,94.0,62.0,172.0
406.0,97.0,73.0,172.0
413.0,100.0,67.0,172.0
420.0,100.0,60.0,172.0
420.0,100.0,60.0,172.0
436.0,102.0,44.0,102.0
454.0,103.0,26.0,96.0
0
0
0
0
0
0
0
0
0
0
0
0
0
0
0
0
433.0,134.0,47.0,225.0
417.0,135.0,62.0,225.0
399.0,140.0,72.0,220.0
379.0,133.0,73.0,227.0
357.0,135.0,74.0,225.0
315.0,143.0,94.0,217.0
289.0,158.0,102.0,202.0
272.0,187.0,104.0,173.0
248.0,221.0,94.0,139.0
231.0,271.0,100.0,89.0
207.0,297.0,113.0,63.0
0
0
0
0
0
0
0
0
0
0
0
0
0
0
0
0
0
0
0
0
0
139.0,325.0,65.0,35.0
136.0,318.0,79.0,42.0
132.0,311.0,85.0,48.0
138.0,310.0,68.0,50.0
144.0,302.0,67.0,58.0
141.0,310.0,64.0,48.0
126.0,302.0,69.0,52.0
115.0,298.0,71.0,50.0
117.0,293.0,59.0,48.0
118.0,286.0,59.0,49.0
121.0,282.0,58.0,46.0
133.0,278.0,48.0,43.0
125.0,261.0,56.0,65.0
116.0,266.0,70.0,52.0
145.0,263.0,48.0,48.0
147.0,255.0,47.0,54.0
147.0,249.0,46.0,70.0
133.0,236.0,57.0,83.0
133.0,237.0,57.0,81.0
133.0,240.0,58.0,75.0
133.0,240.0,58.0,71.0
135.0,241.0,54.0,67.0
137.0,243.0,52.0,58.0
139.0,242.0,58.0,63.0
142.0,240.0,69.0,63.0
134.0,228.0,76.0,75.0
0
0
0
0
0
0
0
0
0
0
0
0
0
0
0
122.0,197.0,32.0,39.0
120.0,184.0,34.0,51.0
117.0,167.0,37.0,61.0
117.0,167.0,37.0,61.0
103.0,148.0,51.0,85.0
89.0,129.0,65.0,104.0
73.0,112.0,131.0,158.0
61.0,106.0,134.0,151.0
43.0,105.0,143.0,148.0
48.0,106.0,134.0,148.0
47.0,110.0,126.0,134.0
45.0,113.0,121.0,119.0
44.0,115.0,123.0,105.0
44.0,117.0,128.0,89.0
48.0,115.0,136.0,94.0
44.0,117.0,150.0,94.0
42.0,115.0,156.0,98.0
34.0,115.0,153.0,110.0
32.0,112.0,144.0,121.0
30.0,108.0,138.0,134.0
29.0,105.0,135.0,134.0
32.0,104.0,135.0,126.0
38.0,104.0,155.0,112.0
41.0,104.0,155.0,112.0
44.0,111.0,149.0,112.0
47.0,109.0,143.0,116.0
50.0,90.0,127.0,147.0
49.0,75.0,110.0,166.0
48.0,65.0,103.0,172.0
44.0,48.0,99.0,190.0
44.0,40.0,99.0,198.0
50.0,38.0,103.0,202.0
50.0,46.0,107.0,194.0
40.0,70.0,123.0,182.0
33.0,93.0,133.0,171.0
33.0,95.0,133.0,168.0
23.0,119.0,147.0,145.0
21.0,133.0,147.0,134.0
13.0,140.0,153.0,126.0
2.0,140.0,162.0,126.0
2.0,134.0,162.0,134.0
1.0,127.0,159.0,142.0
1.0,123.0,165.0,145.0
1.0,119.0,172.0,148.0
1.0,119.0,165.0,148.0
1.0,114.0,165.0,151.0
1.0,116.0,155.0,154.0
1.0,112.0,140.0,157.0
1.0,111.0,129.0,160.0
1.0,110.0,129.0,163.0
1.0,107.0,129.0,163.0
1.0,100.0,129.0,170.0
1.0,94.0,126.0,195.0
2.0,92.0,123.0,207.0
3.0,90.0,120.0,211.0
8.0,82.0,115.0,211.0
13.0,78.0,110.0,203.0
12.0,76.0,108.0,191.0
10.0,76.0,108.0,183.0
10.0,71.0,108.0,176.0
12.0,66.0,108.0,169.0
19.0,59.0,104.0,169.0
15.0,53.0,112.0,169.0
15.0,50.0,112.0,176.0
28.0,46.0,88.0,191.0
30.0,36.0,89.0,203.0
32.0,34.0,85.0,199.0
29.0,26.0,103.0,207.0
44.0,3.0,105.0,191.0
55.0,1.0,107.0,191.0
64.0,1.0,82.0,195.0
76.0,1.0,66.0,136.0
81.0,1.0,78.0,133.0
119.0,1.0,58.0,73.0
142.0,1.0,60.0,69.0
0
0
0
0
0
215.0,1.0,36.0,30.0
224.0,1.0,19.0,42.0
242.0,2.0,36.0,39.0
246.0,1.0,57.0,29.0
249.0,1.0,81.0,30.0
266.0,1.0,72.0,30.0
281.0,1.0,68.0,34.0
294.0,1.0,63.0,37.0
313.0,1.0,56.0,38.0
329.0,1.0,53.0,40.0
347.0,1.0,56.0,49.0
363.0,1.0,54.0,65.0
382.0,2.0,55.0,79.0
394.0,2.0,59.0,110.0
404.0,1.0,65.0,140.0
414.0,6.0,62.0,164.0
424.0,16.0,56.0,155.0
433.0,31.0,47.0,189.0
433.0,31.0,47.0,189.0
441.0,39.0,39.0,161.0
447.0,49.0,33.0,152.0
445.0,55.0,35.0,77.0
445.0,64.0,35.0,79.0
442.0,75.0,38.0,74.0
439.0,81.0,41.0,80.0
439.0,89.0,40.0,84.0
437.0,102.0,42.0,91.0
437.0,113.0,43.0,92.0
437.0,121.0,43.0,126.0
433.0,126.0,47.0,129.0
432.0,134.0,48.0,137.0
430.0,139.0,50.0,146.0
423.0,142.0,56.0,189.0
414.0,146.0,66.0,209.0
401.0,151.0,79.0,209.0
389.0,155.0,91.0,205.0
371.0,151.0,94.0,209.0
326.0,141.0,82.0,217.0
302.0,136.0,88.0,224.0
272.0,134.0,101.0,226.0
238.0,134.0,118.0,226.0
216.0,125.0,117.0,235.0
184.0,119.0,124.0,241.0
154.0,112.0,132.0,205.0
131.0,107.0,132.0,189.0
110.0,106.0,135.0,226.0
91.0,93.0,140.0,204.0
83.0,84.0,137.0,173.0
69.0,70.0,140.0,130.0
65.0,62.0,132.0,113.0
65.0,62.0,132.0,113.0
57.0,49.0,127.0,104.0
47.0,33.0,127.0,100.0
49.0,28.0,118.0,90.0
46.0,12.0,111.0,97.0
49.0,2.0,105.0,103.0
52.0,1.0,99.0,103.0
57.0,1.0,93.0,107.0
61.0,1.0,82.0,105.0
71.0,1.0,71.0,111.0
83.0,1.0,63.0,118.0
95.0,1.0,62.0,120.0
107.0,1.0,62.0,122.0
119.0,1.0,66.0,124.0
126.0,1.0,70.0,132.0
135.0,1.0,74.0,132.0
148.0,1.0,78.0,135.0
162.0,1.0,96.0,127.0
196.0,1.0,106.0,127.0
216.0,1.0,106.0,127.0
234.0,1.0,102.0,127.0
256.0,2.0,94.0,149.0
271.0,5.0,94.0,189.0
293.0,1.0,92.0,196.0
315.0,1.0,90.0,192.0
334.0,1.0,90.0,167.0
350.0,12.0,94.0,150.0
369.0,15.0,98.0,156.0
387.0,20.0,93.0,159.0
412.0,24.0,68.0,165.0
433.0,27.0,47.0,172.0
434.0,29.0,46.0,169.0
448.0,35.0,32.0,169.0
455.0,40.0,25.0,172.0
457.0,46.0,23.0,126.0
463.0,51.0,17.0,123.0
0
0
0
0
0
0
0
0
0
0
454.0,127.0,26.0,146.0
435.0,116.0,45.0,235.0
418.0,119.0,62.0,235.0
393.0,126.0,87.0,231.0
341.0,124.0,134.0,226.0
315.0,124.0,145.0,226.0
292.0,126.0,151.0,222.0
272.0,119.0,142.0,227.0
237.0,114.0,142.0,227.0
190.0,116.0,148.0,214.0
173.0,110.0,107.0,223.0
179.0,105.0,81.0,223.0
157.0,95.0,90.0,236.0
141.0,71.0,106.0,236.0
123.0,65.0,112.0,231.0
105.0,58.0,105.0,226.0
94.0,52.0,116.0,221.0
94.0,52.0,116.0,221.0
82.0,50.0,114.0,226.0
71.0,41.0,109.0,226.0
68.0,35.0,107.0,230.0
54.0,35.0,120.0,230.0
41.0,22.0,127.0,230.0
30.0,25.0,122.0,225.0
30.0,20.0,118.0,216.0
36.0,20.0,116.0,208.0
48.0,10.0,112.0,204.0
68.0,4.0,101.0,200.0
79.0,4.0,95.0,200.0
86.0,4.0,97.0,200.0
103.0,2.0,89.0,196.0
119.0,2.0,82.0,196.0
135.0,2.0,71.0,196.0
149.0,1.0,71.0,208.0
167.0,1.0,64.0,208.0
183.0,1.0,63.0,208.0
220.0,5.0,57.0,200.0
235.0,1.0,60.0,204.0
242.0,1.0,76.0,204.0
256.0,1.0,82.0,204.0
285.0,1.0,76.0,177.0
305.0,1.0,79.0,177.0
318.0,1.0,86.0,181.0
323.0,1.0,93.0,185.0
331.0,1.0,99.0,189.0
354.0,4.0,91.0,185.0
392.0,23.0,73.0,185.0
411.0,27.0,69.0,197.0
415.0,34.0,65.0,197.0
415.0,34.0,65.0,197.0
420.0,44.0,60.0,197.0
423.0,49.0,57.0,164.0
433.0,50.0,47.0,140.0
460.0,55.0,20.0,129.0
0
0
0
0
0
0
0
453.0,87.0,27.0,94.0
433.0,94.0,47.0,106.0
422.0,92.0,58.0,184.0
409.0,102.0,71.0,211.0
401.0,110.0,78.0,211.0
398.0,112.0,82.0,215.0
370.0,116.0,89.0,215.0
346.0,114.0,87.0,219.0
320.0,112.0,89.0,223.0
297.0,108.0,82.0,222.0
275.0,106.0,84.0,226.0
257.0,101.0,81.0,226.0
246.0,94.0,77.0,231.0
228.0,94.0,75.0,231.0
168.0,93.0,108.0,218.0
148.0,81.0,110.0,217.0
125.0,69.0,121.0,235.0
108.0,63.0,131.0,249.0
90.0,54.0,136.0,249.0
87.0,54.0,136.0,249.0
69.0,50.0,147.0,249.0
63.0,41.0,162.0,269.0
55.0,24.0,152.0,274.0
51.0,12.0,135.0,268.0
37.0,8.0,127.0,257.0
21.0,6.0,125.0,242.0
10.0,2.0,133.0,232.0
8.0,1.0,144.0,237.0
1.0,1.0,144.0,232.0
15.0,1.0,127.0,222.0
20.0,1.0,127.0,222.0
28.0,1.0,122.0,222.0
42.0,1.0,117.0,222.0
45.0,1.0,119.0,222.0
60.0,1.0,112.0,201.0
67.0,1.0,109.0,182.0
77.0,1.0,109.0,171.0
82.0,1.0,118.0,171.0
107.0,1.0,121.0,168.0
128.0,1.0,118.0,168.0
152.0,1.0,113.0,168.0
170.0,1.0,111.0,168.0
193.0,1.0,104.0,168.0
212.0,1.0,106.0,168.0
213.0,1.0,117.0,168.0
222.0,1.0,122.0,168.0
226.0,1.0,130.0,165.0
242.0,1.0,132.0,162.0
267.0,1.0,108.0,162.0
297.0,1.0,92.0,169.0
310.0,1.0,98.0,172.0
310.0,1.0,98.0,172.0
309.0,1.0,110.0,175.0
314.0,1.0,119.0,179.0
312.0,1.0,128.0,183.0
320.0,1.0,128.0,183.0
318.0,1.0,133.0,190.0
320.0,1.0,128.0,206.0
333.0,1.0,116.0,202.0
328.0,1.0,120.0,206.0
324.0,1.0,122.0,210.0
328.0,1.0,119.0,214.0
333.0,1.0,114.0,218.0
342.0,1.0,105.0,222.0
347.0,1.0,109.0,231.0
341.0,1.0,118.0,240.0
337.0,1.0,123.0,250.0
331.0,1.0,125.0,255.0
316.0,1.0,133.0,260.0
293.0,1.0,150.0,260.0
267.0,5.0,153.0,271.0
260.0,18.0,147.0,265.0
258.0,35.0,133.0,260.0
264.0,73.0,113.0,240.0
248.0,97.0,113.0,230.0
230.0,145.0,109.0,215.0
228.0,158.0,101.0,199.0
235.0,180.0,97.0,176.0
200.0,210.0,121.0,150.0
212.0,232.0,98.0,123.0
199.0,255.0,110.0,100.0
193.0,269.0,119.0,82.0
189.0,269.0,103.0,85.0
191.0,267.0,103.0,85.0
194.0,269.0,79.0,91.0
191.0,262.0,75.0,98.0
182.0,270.0,73.0,90.0
183.0,274.0,57.0,86.0
175.0,276.0,68.0,84.0
166.0,287.0,77.0,73.0
157.0,297.0,86.0,63.0
147.0,296.0,105.0,64.0
143.0,307.0,141.0,53.0
136.0,304.0,153.0,56.0
129.0,303.0,159.0,57.0
126.0,306.0,159.0,54.0
125.0,311.0,162.0,49.0
127.0,318.0,153.0,42.0
129.0,329.0,133.0,31.0
136.0,335.0,49.0,25.0
120.0,330.0,70.0,30.0
98.0,301.0,80.0,59.0
76.0,287.0,110.0,73.0
48.0,281.0,150.0,79.0
50.0,287.0,147.0,73.0
46.0,296.0,133.0,64.0
23.0,306.0,141.0,54.0
10.0,312.0,138.0,48.0
1.0,309.0,146.0,51.0
1.0,308.0,161.0,52.0
1.0,307.0,189.0,53.0
1.0,313.0,245.0,47.0
1.0,309.0,240.0,51.0
1.0,287.0,230.0,73.0
1.0,286.0,230.0,74.0
1.0,270.0,235.0,90.0
1.0,259.0,211.0,101.0
1.0,256.0,207.0,104.0
1.0,259.0,202.0,101.0
1.0,262.0,202.0,98.0
1.0,273.0,198.0,87.0
1.0,297.0,176.0,63.0
1.0,316.0,169.0,44.0
1.0,328.0,125.0,32.0
0
0
0
0
0
0
0
0
0
0
0
0
0
0
0
0
0
0
1.0,237.0,61.0,123.0
1.0,215.0,70.0,145.0
2.0,198.0,81.0,162.0
16.0,182.0,89.0,167.0
16.0,182.0,89.0,167.0
40.0,165.0,88.0,167.0
57.0,149.0,86.0,154.0
76.0,135.0,91.0,191.0
99.0,117.0,89.0,191.0
129.0,109.0,79.0,169.0
155.0,74.0,89.0,198.0
159.0,44.0,115.0,227.0
162.0,19.0,143.0,232.0
168.0,1.0,174.0,205.0
183.0,1.0,188.0,158.0
199.0,1.0,192.0,161.0
213.0,1.0,188.0,129.0
238.0,2.0,160.0,137.0
255.0,1.0,139.0,170.0
251.0,1.0,136.0,181.0
245.0,13.0,150.0,181.0
234.0,27.0,176.0,184.0
213.0,48.0,187.0,184.0
196.0,81.0,144.0,156.0
190.0,97.0,131.0,159.0
165.0,112.0,126.0,150.0
134.0,118.0,117.0,144.0
106.0,125.0,119.0,144.0
81.0,129.0,128.0,141.0
74.0,128.0,123.0,144.0
75.0,123.0,116.0,156.0
78.0,122.0,114.0,165.0
76.0,119.0,99.0,165.0
73.0,115.0,99.0,168.0
61.0,114.0,101.0,171.0
56.0,109.0,107.0,161.0
55.0,109.0,109.0,161.0
52.0,98.0,120.0,154.0
57.0,78.0,138.0,154.0
63.0,48.0,138.0,177.0
76.0,18.0,136.0,207.0
66.0,1.0,139.0,219.0
70.0,1.0,142.0,198.0
74.0,1.0,118.0,171.0
90.0,1.0,106.0,174.0
100.0,1.0,103.0,178.0
115.0,1.0,99.0,171.0
125.0,1.0,97.0,155.0
145.0,1.0,118.0,175.0
165.0,1.0,103.0,198.0
193.0,17.0,88.0,197.0
191.0,44.0,88.0,196.0
190.0,62.0,85.0,197.0
186.0,86.0,81.0,193.0
187.0,112.0,86.0,158.0
206.0,119.0,74.0,171.0
232.0,127.0,74.0,181.0
259.0,129.0,74.0,185.0
289.0,134.0,75.0,181.0
318.0,132.0,74.0,185.0
340.0,134.0,80.0,189.0
360.0,139.0,83.0,185.0
389.0,140.0,76.0,196.0
405.0,148.0,75.0,196.0
421.0,151.0,59.0,196.0
430.0,154.0,50.0,204.0
434.0,157.0,46.0,203.0
434.0,157.0,46.0,203.0
442.0,162.0,38.0,198.0
462.0,166.0,18.0,68.0
0
0
0
0
0
0
0
0
0
0
0
0
457.0,175.0,23.0,57.0
439.0,159.0,41.0,97.0
420.0,154.0,60.0,126.0
393.0,150.0,87.0,148.0
355.0,145.0,125.0,203.0
346.0,139.0,134.0,199.0
332.0,139.0,145.0,199.0
309.0,135.0,131.0,199.0
282.0,128.0,113.0,195.0
255.0,118.0,96.0,199.0
228.0,108.0,85.0,203.0
203.0,100.0,78.0,203.0
179.0,93.0,75.0,203.0
158.0,80.0,78.0,211.0
138.0,65.0,78.0,211.0
125.0,56.0,75.0,215.0
110.0,41.0,72.0,215.0
110.0,41.0,72.0,215.0
96.0,35.0,74.0,206.0
85.0,22.0,73.0,202.0
73.0,10.0,74.0,198.0
65.0,2.0,75.0,186.0
60.0,1.0,80.0,182.0
57.0,1.0,84.0,168.0
49.0,1.0,89.0,171.0
45.0,1.0,93.0,171.0
46.0,1.0,91.0,142.0
46.0,1.0,95.0,145.0
54.0,1.0,95.0,148.0
70.0,1.0,91.0,134.0
78.0,1.0,91.0,116.0
85.0,1.0,93.0,116.0
95.0,1.0,86.0,116.0
102.0,1.0,86.0,116.0
112.0,1.0,83.0,118.0
123.0,1.0,82.0,120.0
158.0,1.0,74.0,125.0
176.0,1.0,72.0,139.0
190.0,1.0,78.0,151.0
207.0,1.0,81.0,157.0
222.0,1.0,86.0,160.0
240.0,1.0,85.0,166.0
263.0,1.0,77.0,176.0
279.0,1.0,76.0,184.0
282.0,1.0,90.0,191.0
293.0,1.0,90.0,199.0
304.0,1.0,98.0,207.0
319.0,23.0,102.0,195.0
319.0,23.0,98.0,195.0
338.0,29.0,108.0,191.0
353.0,35.0,122.0,187.0
369.0,40.0,111.0,180.0
375.0,43.0,105.0,176.0
390.0,47.0,90.0,169.0
401.0,52.0,79.0,166.0
410.0,54.0,70.0,169.0
420.0,52.0,60.0,179.0
420.0,48.0,60.0,218.0
425.0,50.0,55.0,256.0
417.0,48.0,63.0,282.0
406.0,45.0,74.0,240.0
393.0,38.0,87.0,255.0
377.0,40.0,103.0,270.0
366.0,56.0,114.0,249.0
358.0,62.0,122.0,249.0
343.0,62.0,125.0,249.0
326.0,55.0,113.0,234.0
297.0,51.0,91.0,207.0
289.0,44.0,81.0,224.0
262.0,39.0,97.0,267.0
224.0,36.0,126.0,267.0
200.0,27.0,136.0,278.0
196.0,23.0,125.0,277.0
177.0,17.0,122.0,266.0
149.0,2.0,124.0,277.0
143.0,1.0,106.0,261.0
131.0,1.0,96.0,213.0
114.0,1.0,94.0,205.0
102.0,1.0,94.0,205.0
84.0,1.0,87.0,205.0
86.0,1.0,84.0,205.0
72.0,1.0,89.0,189.0
65.0,1.0,81.0,158.0
58.0,1.0,75.0,161.0
47.0,1.0,74.0,151.0
37.0,1.0,75.0,118.0
33.0,1.0,72.0,123.0
30.0,1.0,74.0,112.0
39.0,1.0,74.0,96.0
45.0,1.0,67.0,78.0
0
0
0
0
0
0
0
105.0,1.0,56.0,90.0
105.0,1.0,71.0,73.0
125.0,1.0,99.0,61.0
139.0,1.0,103.0,61.0
154.0,2.0,116.0,62.0
175.0,1.0,131.0,69.0
196.0,1.0,131.0,73.0
222.0,2.0,128.0,84.0
253.0,1.0,122.0,92.0
281.0,1.0,120.0,97.0
300.0,1.0,122.0,107.0
320.0,1.0,122.0,107.0
339.0,1.0,119.0,111.0
362.0,1.0,112.0,116.0
384.0,1.0,96.0,114.0
380.0,1.0,100.0,119.0
400.0,1.0,80.0,129.0
416.0,1.0,64.0,139.0
423.0,10.0,57.0,137.0
422.0,23.0,58.0,139.0
433.0,32.0,47.0,105.0
439.0,35.0,41.0,109.0
446.0,38.0,34.0,107.0
451.0,37.0,29.0,109.0
0
0
0
440.0,124.0,40.0,52.0
0
0
0
432.0,77.0,48.0,178.0
400.0,79.0,80.0,193.0
357.0,87.0,123.0,193.0
303.0,89.0,145.0,218.0
310.0,90.0,116.0,246.0
313.0,93.0,93.0,251.0
298.0,81.0,91.0,256.0
280.0,63.0,95.0,266.0
259.0,60.0,103.0,266.0
255.0,64.0,89.0,250.0
231.0,65.0,80.0,265.0
207.0,40.0,92.0,287.0
192.0,38.0,96.0,265.0
179.0,42.0,98.0,230.0
157.0,31.0,110.0,217.0
157.0,31.0,110.0,217.0
149.0,21.0,110.0,221.0
138.0,9.0,112.0,221.0
127.0,1.0,114.0,221.0
116.0,1.0,121.0,221.0
99.0,1.0,134.0,221.0
91.0,1.0,137.0,221.0
96.0,1.0,126.0,221.0
89.0,1.0,129.0,204.0
68.0,1.0,148.0,180.0
62.0,1.0,148.0,180.0
65.0,1.0,148.0,153.0
69.0,1.0,139.0,144.0
71.0,2.0,136.0,138.0
76.0,1.0,136.0,138.0
86.0,1.0,130.0,140.0
93.0,1.0,130.0,137.0
115.0,2.0,110.0,137.0
129.0,1.0,98.0,143.0
139.0,1.0,94.0,143.0
156.0,1.0,83.0,152.0
171.0,1.0,78.0,158.0
190.0,3.0,119.0,161.0
209.0,1.0,114.0,174.0
211.0,1.0,109.0,185.0
212.0,1.0,105.0,185.0
216.0,1.0,97.0,182.0
228.0,1.0,99.0,182.0
243.0,1.0,99.0,182.0
253.0,1.0,101.0,182.0
270.0,1.0,97.0,189.0
281.0,1.0,99.0,197.0
284.0,1.0,97.0,197.0
302.0,1.0,88.0,193.0
326.0,1.0,70.0,193.0
345.0,1.0,58.0,193.0
353.0,1.0,56.0,189.0
360.0,1.0,57.0,197.0
367.0,1.0,59.0,209.0
371.0,11.0,63.0,213.0
373.0,13.0,67.0,226.0
374.0,13.0,69.0,236.0
377.0,11.0,73.0,241.0
381.0,16.0,70.0,231.0
382.0,21.0,69.0,213.0
373.0,27.0,79.0,193.0
367.0,32.0,83.0,175.0
365.0,33.0,81.0,162.0
352.0,36.0,88.0,149.0
337.0,36.0,95.0,143.0
327.0,34.0,102.0,131.0
321.0,34.0,98.0,126.0
308.0,27.0,102.0,129.0
292.0,26.0,106.0,132.0
273.0,25.0,115.0,135.0
253.0,34.0,130.0,129.0
234.0,34.0,141.0,129.0
209.0,31.0,159.0,134.0
188.0,33.0,165.0,148.0
175.0,26.0,158.0,151.0
154.0,29.0,154.0,131.0
132.0,25.0,151.0,124.0
121.0,17.0,134.0,122.0
106.0,6.0,128.0,127.0
105.0,1.0,131.0,132.0
94.0,1.0,123.0,151.0
84.0,1.0,109.0,157.0
77.0,1.0,100.0,160.0
65.0,1.0,98.0,157.0
58.0,1.0,96.0,154.0
61.0,1.0,87.0,131.0
60.0,1.0,85.0,128.0
59.0,1.0,86.0,125.0
55.0,1.0,91.0,120.0
58.0,1.0,93.0,98.0
63.0,1.0,89.0,98.0
82.0,1.0,64.0,100.0
90.0,1.0,64.0,82.0
100.0,1.0,60.0,81.0
113.0,1.0,89.0,81.0
108.0,1.0,98.0,70.0
113.0,1.0,89.0,58.0
117.0,1.0,79.0,57.0
152.0,1.0,62.0,52.0
174.0,1.0,33.0,34.0
0
0
0
0
0
0
327.0,1.0,24.0,49.0
364.0,2.0,24.0,50.0
390.0,1.0,26.0,51.0
405.0,1.0,29.0,51.0
405.0,1.0,29.0,51.0
417.0,1.0,28.0,34.0
0
0
0
0
0
400.0,1.0,65.0,40.0
390.0,2.0,70.0,51.0
382.0,1.0,76.0,53.0
383.0,1.0,76.0,59.0
341.0,1.0,116.0,72.0
336.0,1.0,116.0,80.0
324.0,1.0,116.0,93.0
319.0,1.0,111.0,103.0
295.0,1.0,125.0,105.0
281.0,1.0,125.0,105.0
260.0,1.0,128.0,107.0
237.0,1.0,130.0,107.0
193.0,1.0,127.0,88.0
177.0,1.0,122.0,88.0
161.0,1.0,108.0,80.0
184.0,1.0,38.0,75.0
159.0,1.0,36.0,52.0
0
0
0
0
0
0
0
0
0
0
0
0
0
0
0
0
0
0
0
0
0
0
251.0,1.0,32.0,22.0
260.0,1.0,33.0,35.0
267.0,1.0,35.0,40.0
275.0,1.0,39.0,49.0
286.0,1.0,41.0,54.0
272.0,1.0,92.0,52.0
281.0,1.0,108.0,55.0
288.0,1.0,110.0,61.0
289.0,1.0,109.0,63.0
293.0,1.0,102.0,64.0
298.0,1.0,96.0,63.0
301.0,1.0,94.0,67.0
306.0,1.0,92.0,70.0
324.0,1.0,76.0,74.0
324.0,1.0,76.0,77.0
322.0,1.0,77.0,78.0
316.0,1.0,79.0,80.0
311.0,1.0,79.0,80.0
310.0,1.0,77.0,80.0
298.0,3.0,82.0,78.0
289.0,3.0,85.0,90.0
277.0,15.0,87.0,91.0
261.0,28.0,92.0,99.0
249.0,38.0,97.0,101.0
233.0,27.0,89.0,123.0
209.0,27.0,89.0,133.0
194.0,38.0,86.0,131.0
179.0,37.0,88.0,129.0
176.0,8.0,86.0,151.0
169.0,3.0,88.0,148.0
161.0,4.0,92.0,139.0
152.0,3.0,94.0,133.0
140.0,1.0,94.0,136.0
132.0,1.0,90.0,131.0
125.0,1.0,87.0,126.0
109.0,1.0,90.0,126.0
99.0,1.0,93.0,124.0
88.0,1.0,86.0,117.0
84.0,1.0,84.0,117.0
88.0,1.0,76.0,126.0
84.0,1.0,86.0,148.0
85.0,1.0,87.0,151.0
88.0,1.0,80.0,160.0
96.0,1.0,80.0,150.0
101.0,2.0,82.0,153.0
104.0,1.0,102.0,179.0
104.0,1.0,110.0,202.0
113.0,1.0,108.0,202.0
118.0,1.0,106.0,202.0
118.0,1.0,106.0,202.0
130.0,1.0,98.0,202.0
141.0,1.0,92.0,202.0
143.0,1.0,104.0,202.0
146.0,1.0,112.0,202.0
159.0,1.0,115.0,206.0
174.0,1.0,115.0,206.0
199.0,1.0,104.0,206.0
210.0,1.0,110.0,198.0
228.0,1.0,106.0,179.0
256.0,1.0,92.0,179.0
273.0,1.0,87.0,172.0
286.0,1.0,81.0,172.0
294.0,1.0,81.0,169.0
305.0,1.0,82.0,166.0
315.0,1.0,82.0,166.0
326.0,1.0,82.0,166.0
333.0,1.0,82.0,166.0
334.0,1.0,85.0,166.0
340.0,1.0,84.0,169.0
347.0,1.0,81.0,172.0
351.0,1.0,81.0,172.0
353.0,1.0,80.0,175.0
354.0,1.0,81.0,182.0
367.0,1.0,75.0,189.0
368.0,1.0,72.0,193.0
361.0,1.0,69.0,201.0
356.0,1.0,66.0,209.0
350.0,2.0,66.0,213.0
339.0,1.0,67.0,217.0
330.0,3.0,70.0,213.0
320.0,1.0,71.0,213.0
318.0,1.0,72.0,213.0
300.0,1.0,78.0,213.0
272.0,3.0,90.0,209.0
244.0,1.0,102.0,209.0
221.0,1.0,110.0,205.0
205.0,1.0,117.0,201.0
197.0,1.0,113.0,197.0
188.0,1.0,111.0,193.0
180.0,1.0,106.0,197.0
171.0,1.0,100.0,197.0
151.0,1.0,108.0,193.0
137.0,1.0,112.0,193.0
121.0,1.0,124.0,189.0
108.0,1.0,129.0,185.0
98.0,1.0,126.0,181.0
89.0,1.0,124.0,177.0
80.0,1.0,121.0,181.0
80.0,1.0,109.0,185.0
77.0,1.0,107.0,189.0
86.0,1.0,97.0,185.0
87.0,1.0,95.0,167.0
87.0,1.0,95.0,167.0
89.0,1.0,95.0,170.0
88.0,1.0,97.0,170.0
80.0,1.0,107.0,167.0
103.0,1.0,91.0,192.0
121.0,1.0,84.0,216.0
131.0,1.0,79.0,216.0
140.0,1.0,77.0,216.0
152.0,14.0,68.0,216.0
162.0,27.0,71.0,212.0
172.0,27.0,74.0,212.0
172.0,27.0,74.0,212.0
184.0,21.0,74.0,200.0
195.0,25.0,74.0,192.0
198.0,46.0,82.0,170.0
198.0,41.0,90.0,167.0
204.0,43.0,96.0,170.0
215.0,46.0,94.0,170.0
219.0,43.0,106.0,170.0
228.0,43.0,110.0,170.0
240.0,45.0,108.0,167.0
248.0,44.0,110.0,163.0
267.0,45.0,103.0,163.0
284.0,48.0,99.0,157.0
295.0,48.0,97.0,157.0
304.0,57.0,97.0,157.0
309.0,68.0,101.0,170.0
310.0,62.0,107.0,195.0
315.0,60.0,121.0,199.0
323.0,57.0,128.0,195.0
333.0,85.0,136.0,173.0
332.0,133.0,139.0,130.0
331.0,160.0,136.0,122.0
343.0,164.0,123.0,155.0
356.0,190.0,107.0,170.0
361.0,239.0,101.0,121.0
353.0,297.0,109.0,63.0
351.0,301.0,111.0,59.0
352.0,295.0,109.0,65.0
351.0,286.0,101.0,74.0
357.0,278.0,97.0,82.0
359.0,272.0,89.0,88.0
359.0,272.0,89.0,88.0
354.0,269.0,77.0,91.0
312.0,268.0,99.0,92.0
301.0,267.0,105.0,93.0
288.0,267.0,109.0,93.0
281.0,266.0,120.0,94.0
279.0,259.0,130.0,101.0
278.0,252.0,136.0,108.0
275.0,248.0,138.0,112.0
278.0,241.0,138.0,119.0
274.0,239.0,147.0,114.0
261.0,220.0,147.0,134.0
248.0,225.0,130.0,134.0
233.0,220.0,125.0,139.0
223.0,222.0,125.0,136.0
214.0,224.0,125.0,133.0
203.0,249.0,135.0,106.0
199.0,249.0,149.0,98.0
187.0,248.0,158.0,96.0
135.0,256.0,189.0,102.0
137.0,262.0,178.0,98.0
147.0,271.0,158.0,89.0
130.0,281.0,149.0,79.0
114.0,289.0,135.0,71.0
105.0,289.0,138.0,71.0
111.0,289.0,127.0,71.0
99.0,289.0,127.0,71.0
93.0,291.0,117.0,69.0
85.0,290.0,110.0,70.0
83.0,288.0,97.0,72.0
78.0,285.0,88.0,75.0
40.0,280.0,116.0,80.0
40.0,280.0,116.0,80.0
15.0,270.0,133.0,90.0
14.0,255.0,133.0,105.0
2.0,236.0,158.0,124.0
1.0,215.0,167.0,145.0
1.0,199.0,164.0,161.0
1.0,189.0,168.0,171.0
1.0,180.0,158.0,174.0
1.0,175.0,155.0,167.0
1.0,174.0,149.0,145.0
1.0,174.0,140.0,134.0
1.0,174.0,132.0,134.0
1.0,174.0,132.0,134.0
1.0,175.0,134.0,134.0
1.0,182.0,133.0,121.0
1.0,181.0,138.0,112.0
1.0,168.0,152.0,124.0
1.0,168.0,161.0,124.0
1.0,162.0,168.0,126.0
9.0,143.0,161.0,119.0
6.0,136.0,155.0,119.0
4.0,129.0,146.0,124.0
1.0,118.0,135.0,134.0
1.0,113.0,125.0,139.0
1.0,106.0,123.0,148.0
1.0,103.0,116.0,148.0
1.0,102.0,100.0,145.0
1.0,99.0,83.0,145.0
1.0,95.0,72.0,148.0
1.0,94.0,68.0,145.0
1.0,88.0,65.0,145.0
1.0,86.0,68.0,139.0
1.0,89.0,67.0,139.0
1.0,86.0,72.0,145.0
1.0,87.0,78.0,142.0
2.0,88.0,76.0,139.0
1.0,87.0,79.0,147.0
1.0,86.0,76.0,150.0
1.0,85.0,75.0,153.0
2.0,85.0,77.0,153.0
6.0,80.0,74.0,156.0
8.0,77.0,75.0,162.0
15.0,62.0,80.0,171.0
20.0,36.0,87.0,188.0
23.0,2.0,100.0,203.0
25.0,1.0,108.0,207.0
25.0,1.0,88.0,207.0
44.0,1.0,75.0,215.0
58.0,1.0,66.0,138.0
74.0,1.0,61.0,111.0
81.0,1.0,66.0,105.0
111.0,1.0,55.0,94.0
122.0,1.0,55.0,98.0
136.0,1.0,57.0,102.0
147.0,1.0,66.0,90.0
159.0,1.0,67.0,96.0
178.0,1.0,62.0,121.0
192.0,1.0,62.0,141.0
203.0,1.0,70.0,166.0
209.0,1.0,81.0,199.0
212.0,9.0,91.0,199.0
222.0,22.0,84.0,203.0
246.0,38.0,84.0,187.0
246.0,38.0,84.0,187.0
275.0,47.0,70.0,176.0
302.0,64.0,63.0,173.0
320.0,110.0,64.0,163.0
340.0,146.0,59.0,150.0
353.0,183.0,59.0,115.0
348.0,221.0,78.0,84.0
345.0,252.0,97.0,85.0
350.0,234.0,109.0,117.0
361.0,220.0,111.0,117.0
373.0,248.0,107.0,83.0
383.0,248.0,97.0,94.0
408.0,256.0,72.0,92.0
413.0,266.0,67.0,87.0
380.0,257.0,100.0,94.0
382.0,265.0,98.0,82.0
377.0,268.0,103.0,72.0
375.0,265.0,105.0,66.0
375.0,267.0,105.0,65.0
375.0,267.0,105.0,68.0
375.0,267.0,105.0,70.0
368.0,266.0,112.0,71.0
367.0,264.0,113.0,71.0
361.0,261.0,119.0,71.0
360.0,259.0,115.0,70.0
364.0,256.0,111.0,71.0
365.0,253.0,109.0,71.0
364.0,253.0,111.0,69.0
366.0,252.0,113.0,72.0
367.0,251.0,111.0,72.0
360.0,249.0,115.0,71.0
357.0,245.0,117.0,74.0
357.0,245.0,117.0,74.0
351.0,242.0,120.0,77.0
347.0,240.0,122.0,77.0
347.0,237.0,122.0,81.0
351.0,233.0,120.0,79.0
350.0,230.0,120.0,82.0
347.0,231.0,118.0,80.0
341.0,233.0,116.0,77.0
335.0,232.0,101.0,75.0
333.0,231.0,78.0,80.0
322.0,232.0,72.0,87.0
308.0,219.0,80.0,105.0
292.0,199.0,92.0,130.0
280.0,181.0,102.0,155.0
280.0,182.0,102.0,168.0
281.0,182.0,100.0,175.0
275.0,182.0,102.0,175.0
265.0,184.0,88.0,172.0
253.0,198.0,97.0,158.0
215.0,244.0,125.0,110.0
191.0,270.0,144.0,90.0
165.0,278.0,159.0,82.0
156.0,287.0,153.0,73.0
142.0,295.0,153.0,65.0
126.0,306.0,162.0,54.0
117.0,310.0,165.0,50.0
107.0,306.0,158.0,54.0
94.0,302.0,155.0,58.0
81.0,297.0,91.0,63.0
45.0,290.0,107.0,70.0
40.0,277.0,104.0,83.0
40.0,277.0,104.0,83.0
14.0,260.0,164.0,100.0
3.0,241.0,167.0,119.0
1.0,230.0,167.0,130.0
1.0,228.0,163.0,132.0
1.0,230.0,159.0,130.0
1.0,240.0,159.0,102.0
1.0,245.0,149.0,102.0
1.0,252.0,132.0,102.0
1.0,254.0,119.0,106.0
1.0,269.0,115.0,91.0
1.0,273.0,115.0,87.0
1.0,276.0,106.0,84.0
1.0,276.0,104.0,84.0
1.0,278.0,100.0,82.0
1.0,279.0,92.0,81.0
1.0,282.0,75.0,78.0
0
0
0
0
0
0
0
0
0
0
0
0
0
0
0
0
0
0
0
0
0
0
0
0
0
0
1.0,265.0,37.0,73.0
1.0,228.0,46.0,75.0
2.0,194.0,47.0,105.0
2.0,162.0,61.0,162.0
1.0,136.0,80.0,176.0
1.0,111.0,95.0,210.0
1.0,91.0,109.0,227.0
1.0,78.0,120.0,227.0
18.0,77.0,127.0,209.0
40.0,87.0,115.0,196.0
63.0,89.0,106.0,200.0
87.0,99.0,94.0,188.0
119.0,108.0,78.0,163.0
149.0,118.0,67.0,136.0
167.0,128.0,70.0,96.0
189.0,137.0,66.0,83.0
211.0,141.0,69.0,78.0
239.0,141.0,67.0,78.0
264.0,139.0,66.0,78.0
287.0,134.0,69.0,85.0
315.0,130.0,65.0,92.0
315.0,130.0,65.0,92.0
340.0,125.0,62.0,108.0
367.0,116.0,63.0,126.0
392.0,115.0,63.0,139.0
415.0,108.0,61.0,160.0
433.0,110.0,47.0,170.0
444.0,109.0,36.0,153.0
451.0,110.0,29.0,166.0
452.0,114.0,28.0,160.0
456.0,112.0,24.0,111.0
457.0,115.0,23.0,107.0
454.0,121.0,26.0,111.0
448.0,126.0,32.0,120.0
443.0,134.0,37.0,122.0
443.0,139.0,37.0,122.0
448.0,142.0,32.0,120.0
453.0,137.0,27.0,120.0
453.0,146.0,27.0,155.0
453.0,138.0,27.0,178.0
446.0,134.0,34.0,200.0
437.0,134.0,43.0,192.0
420.0,132.0,60.0,204.0
401.0,137.0,74.0,212.0
378.0,133.0,78.0,220.0
357.0,129.0,76.0,229.0
334.0,129.0,71.0,229.0
311.0,129.0,75.0,229.0
285.0,132.0,78.0,224.0
257.0,132.0,81.0,215.0
228.0,118.0,84.0,211.0
195.0,116.0,100.0,187.0
195.0,116.0,100.0,187.0
170.0,110.0,104.0,169.0
144.0,99.0,106.0,162.0
120.0,88.0,108.0,153.0
100.0,77.0,104.0,150.0
81.0,64.0,102.0,144.0
49.0,57.0,115.0,141.0
13.0,45.0,137.0,153.0
1.0,35.0,137.0,150.0
1.0,22.0,134.0,133.0
1.0,12.0,119.0,123.0
1.0,12.0,114.0,109.0
1.0,7.0,103.0,107.0
1.0,5.0,105.0,103.0
1.0,2.0,103.0,101.0
1.0,1.0,99.0,99.0
1.0,2.0,103.0,101.0
1.0,1.0,103.0,123.0
2.0,1.0,105.0,159.0
16.0,2.0,109.0,172.0
26.0,1.0,113.0,183.0
43.0,1.0,108.0,191.0
64.0,1.0,104.0,233.0
113.0,1.0,71.0,219.0
140.0,1.0,60.0,219.0
169.0,1.0,54.0,219.0
188.0,1.0,62.0,219.0
208.0,1.0,67.0,215.0
231.0,1.0,70.0,224.0
257.0,1.0,68.0,220.0
286.0,13.0,65.0,180.0
311.0,23.0,59.0,159.0
311.0,23.0,59.0,159.0
333.0,29.0,57.0,135.0
352.0,37.0,58.0,117.0
368.0,40.0,63.0,117.0
380.0,47.0,72.0,112.0
397.0,49.0,77.0,112.0
415.0,38.0,65.0,112.0
427.0,41.0,53.0,116.0
435.0,49.0,45.0,121.0
445.0,52.0,35.0,131.0
456.0,74.0,24.0,114.0
0
0
0
0
0
0
0
0
0
0
0
455.0,130.0,25.0,101.0
437.0,137.0,43.0,147.0
417.0,118.0,63.0,197.0
392.0,116.0,88.0,244.0
366.0,119.0,111.0,240.0
347.0,119.0,100.0,240.0
327.0,117.0,83.0,243.0
299.0,115.0,72.0,245.0
268.0,113.0,83.0,245.0
239.0,112.0,93.0,231.0
239.0,112.0,93.0,231.0
203.0,104.0,109.0,222.0
177.0,96.0,111.0,222.0
152.0,90.0,111.0,217.0
141.0,80.0,98.0,200.0
135.0,78.0,78.0,181.0
122.0,64.0,71.0,174.0
105.0,53.0,67.0,164.0
91.0,46.0,65.0,154.0
81.0,39.0,63.0,145.0
71.0,34.0,64.0,134.0
59.0,23.0,68.0,134.0
55.0,19.0,64.0,123.0
45.0,9.0,71.0,123.0
42.0,1.0,72.0,123.0
43.0,1.0,71.0,111.0
44.0,1.0,68.0,111.0
44.0,1.0,69.0,113.0
48.0,1.0,68.0,123.0
68.0,1.0,68.0,144.0
79.0,1.0,75.0,162.0
92.0,1.0,83.0,186.0
103.0,1.0,93.0,201.0
114.0,1.0,100.0,209.0
132.0,1.0,100.0,205.0
148.0,1.0,104.0,213.0
169.0,1.0,102.0,209.0
191.0,1.0,98.0,213.0
209.0,1.0,98.0,222.0
229.0,9.0,94.0,212.0
268.0,13.0,74.0,188.0
268.0,13.0,74.0,188.0
292.0,20.0,73.0,188.0
316.0,23.0,68.0,188.0
340.0,34.0,64.0,181.0
363.0,38.0,68.0,178.0
384.0,43.0,74.0,167.0
404.0,45.0,75.0,164.0
422.0,40.0,58.0,168.0
439.0,44.0,41.0,168.0
452.0,44.0,28.0,175.0
463.0,81.0,17.0,43.0
0
0
0
0
0
0
0
0
0
0
0
0
456.0,179.0,24.0,50.0
440.0,179.0,40.0,60.0
426.0,103.0,54.0,257.0
407.0,108.0,73.0,252.0
384.0,106.0,80.0,254.0
358.0,107.0,73.0,253.0
327.0,105.0,71.0,255.0
295.0,104.0,77.0,256.0
263.0,102.0,117.0,258.0
263.0,102.0,117.0,258.0
238.0,96.0,124.0,254.0
208.0,93.0,131.0,229.0
179.0,84.0,131.0,229.0
150.0,77.0,131.0,224.0
126.0,72.0,128.0,215.0
104.0,65.0,123.0,211.0
90.0,60.0,118.0,203.0
70.0,47.0,115.0,199.0
53.0,41.0,110.0,195.0
38.0,31.0,103.0,191.0
25.0,21.0,99.0,187.0
19.0,11.0,88.0,183.0
14.0,6.0,81.0,172.0
7.0,1.0,81.0,168.0
7.0,1.0,76.0,152.0
3.0,1.0,78.0,143.0
1.0,1.0,77.0,146.0
1.0,1.0,76.0,149.0
1.0,1.0,69.0,124.0
2.0,1.0,73.0,119.0
10.0,1.0,73.0,112.0
16.0,1.0,74.0,114.0
23.0,1.0,74.0,119.0
31.0,1.0,75.0,121.0
35.0,1.0,73.0,131.0
40.0,1.0,69.0,150.0
49.0,1.0,66.0,172.0
63.0,1.0,62.0,190.0
83.0,1.0,56.0,197.0
100.0,7.0,51.0,178.0
112.0,10.0,51.0,200.0
113.0,10.0,50.0,200.0
125.0,15.0,51.0,216.0
135.0,16.0,52.0,225.0
146.0,23.0,57.0,225.0
153.0,30.0,74.0,216.0
163.0,34.0,92.0,207.0
167.0,38.0,112.0,207.0
172.0,68.0,129.0,180.0
181.0,100.0,137.0,160.0
196.0,135.0,140.0,176.0
206.0,172.0,143.0,144.0
223.0,211.0,140.0,115.0
231.0,236.0,158.0,104.0
235.0,255.0,152.0,83.0
235.0,257.0,158.0,80.0
232.0,255.0,165.0,81.0
241.0,250.0,162.0,83.0
247.0,243.0,159.0,84.0
244.0,239.0,165.0,89.0
234.0,237.0,172.0,89.0
229.0,234.0,158.0,91.0
219.0,233.0,134.0,93.0
212.0,229.0,140.0,97.0
208.0,223.0,143.0,103.0
208.0,215.0,143.0,109.0
210.0,212.0,134.0,111.0
207.0,210.0,129.0,106.0
203.0,207.0,123.0,104.0
188.0,203.0,131.0,108.0
167.0,196.0,145.0,112.0
157.0,189.0,151.0,117.0
157.0,189.0,151.0,117.0
156.0,179.0,145.0,127.0
136.0,171.0,154.0,135.0
132.0,164.0,151.0,140.0
132.0,161.0,145.0,146.0
128.0,159.0,142.0,149.0
111.0,159.0,154.0,149.0
102.0,159.0,154.0,149.0
100.0,158.0,151.0,146.0
92.0,159.0,151.0,143.0
91.0,163.0,148.0,140.0
91.0,163.0,142.0,140.0
93.0,163.0,134.0,140.0
93.0,162.0,129.0,143.0
95.0,164.0,126.0,146.0
100.0,166.0,126.0,143.0
101.0,168.0,129.0,146.0
102.0,173.0,134.0,149.0
103.0,175.0,139.0,152.0
103.0,180.0,144.0,149.0
108.0,186.0,147.0,143.0
111.0,187.0,153.0,140.0
115.0,192.0,153.0,137.0
113.0,192.0,156.0,137.0
115.0,192.0,153.0,137.0
120.0,187.0,144.0,142.0
127.0,190.0,136.0,142.0
132.0,191.0,125.0,145.0
140.0,193.0,115.0,147.0
144.0,197.0,106.0,150.0
149.0,200.0,100.0,144.0
142.0,202.0,102.0,136.0
143.0,201.0,100.0,139.0
139.0,201.0,96.0,139.0
135.0,203.0,100.0,136.0
129.0,207.0,100.0,139.0
126.0,210.0,98.0,145.0
123.0,215.0,96.0,142.0
118.0,222.0,98.0,136.0
112.0,227.0,106.0,133.0
92.0,228.0,127.0,130.0
90.0,233.0,117.0,127.0
88.0,237.0,112.0,122.0
66.0,248.0,121.0,112.0
51.0,261.0,126.0,99.0
60.0,281.0,114.0,79.0
50.0,303.0,124.0,57.0
35.0,316.0,140.0,44.0
23.0,321.0,157.0,39.0
22.0,321.0,134.0,39.0
20.0,317.0,109.0,43.0
21.0,308.0,84.0,52.0
26.0,301.0,78.0,59.0
27.0,288.0,76.0,72.0
1.0,269.0,158.0,91.0
1.0,252.0,129.0,108.0
1.0,238.0,142.0,122.0
1.0,231.0,151.0,129.0
1.0,227.0,151.0,133.0
1.0,226.0,142.0,134.0
1.0,225.0,131.0,128.0
1.0,228.0,121.0,123.0
1.0,228.0,109.0,123.0
1.0,232.0,111.0,128.0
1.0,232.0,111.0,128.0
1.0,230.0,98.0,130.0
1.0,227.0,94.0,133.0
1.0,224.0,98.0,136.0
1.0,219.0,115.0,141.0
1.0,215.0,127.0,143.0
1.0,209.0,132.0,140.0
1.0,208.0,134.0,132.0
2.0,207.0,137.0,130.0
1.0,206.0,132.0,132.0
1.0,206.0,127.0,127.0
1.0,203.0,119.0,115.0
1.0,200.0,116.0,148.0
1.0,201.0,126.0,139.0
1.0,198.0,129.0,139.0
1.0,195.0,134.0,128.0
1.0,192.0,142.0,120.0
1.0,186.0,148.0,123.0
2.0,183.0,160.0,123.0
3.0,176.0,173.0,131.0
1.0,172.0,176.0,134.0
2.0,166.0,169.0,137.0
1.0,158.0,169.0,142.0
1.0,151.0,166.0,145.0
1.0,144.0,169.0,148.0
1.0,135.0,169.0,160.0
1.0,132.0,166.0,160.0
1.0,126.0,159.0,166.0
1.0,120.0,153.0,160.0
1.0,120.0,141.0,160.0
1.0,122.0,130.0,157.0
1.0,122.0,130.0,157.0
1.0,126.0,115.0,157.0
1.0,124.0,98.0,160.0
1.0,118.0,94.0,167.0
1.0,113.0,92.0,178.0
1.0,108.0,83.0,168.0
1.0,109.0,82.0,161.0
1.0,111.0,85.0,152.0
1.0,114.0,91.0,146.0
1.0,114.0,89.0,146.0
1.0,121.0,84.0,146.0
1.0,123.0,80.0,143.0
1.0,122.0,74.0,146.0
1.0,119.0,79.0,152.0
1.0,121.0,73.0,155.0
3.0,119.0,59.0,149.0
1.0,118.0,64.0,127.0
1.0,115.0,63.0,137.0
1.0,118.0,61.0,137.0
1.0,122.0,59.0,140.0
1.0,118.0,60.0,155.0
1.0,109.0,80.0,171.0
1.0,84.0,101.0,196.0
1.0,39.0,99.0,253.0
1.0,4.0,105.0,258.0
1.0,1.0,114.0,233.0
5.0,1.0,123.0,228.0
7.0,1.0,131.0,215.0
6.0,1.0,139.0,202.0
7.0,1.0,144.0,210.0
11.0,1.0,147.0,218.0
1.0,1.0,169.0,209.0
1.0,1.0,172.0,209.0
1.0,31.0,175.0,171.0
41.0,52.0,127.0,152.0
66.0,79.0,104.0,149.0
64.0,98.0,104.0,174.0
90.0,116.0,74.0,192.0
100.0,129.0,70.0,173.0
120.0,142.0,77.0,153.0
154.0,148.0,70.0,136.0
185.0,147.0,62.0,128.0
214.0,148.0,59.0,144.0
237.0,141.0,63.0,165.0
258.0,128.0,66.0,179.0
274.0,124.0,71.0,186.0
286.0,118.0,78.0,197.0
301.0,114.0,97.0,197.0
315.0,118.0,116.0,189.0
331.0,120.0,125.0,178.0
349.0,122.0,130.0,175.0
364.0,124.0,116.0,152.0
389.0,127.0,91.0,117.0
404.0,128.0,76.0,112.0
421.0,130.0,59.0,95.0
438.0,125.0,42.0,95.0
453.0,121.0,27.0,82.0
459.0,124.0,21.0,80.0
0
0
0
0
0
0
0
0
452.0,157.0,28.0,185.0
439.0,166.0,41.0,189.0
423.0,166.0,57.0,194.0
406.0,170.0,74.0,190.0
389.0,174.0,85.0,186.0
371.0,176.0,85.0,184.0
349.0,176.0,80.0,184.0
323.0,177.0,78.0,183.0
296.0,179.0,72.0,181.0
266.0,174.0,74.0,186.0
236.0,169.0,83.0,191.0
206.0,168.0,88.0,192.0
181.0,159.0,88.0,201.0
139.0,147.0,104.0,212.0
139.0,141.0,82.0,208.0
124.0,133.0,76.0,208.0
107.0,117.0,73.0,200.0
65.0,100.0,76.0,200.0
44.0,89.0,77.0,200.0
27.0,84.0,79.0,188.0
11.0,79.0,86.0,177.0
1.0,76.0,95.0,164.0
1.0,69.0,95.0,151.0
1.0,68.0,91.0,142.0
1.0,64.0,91.0,116.0
1.0,67.0,89.0,114.0
1.0,67.0,89.0,114.0
1.0,64.0,93.0,121.0
1.0,62.0,102.0,131.0
1.0,62.0,102.0,131.0
1.0,60.0,115.0,142.0
2.0,55.0,122.0,157.0
1.0,53.0,132.0,203.0
2.0,38.0,140.0,224.0
28.0,47.0,127.0,215.0
44.0,42.0,119.0,215.0
69.0,47.0,107.0,214.0
102.0,53.0,95.0,201.0
134.0,59.0,84.0,189.0
161.0,70.0,82.0,196.0
190.0,74.0,79.0,196.0
215.0,76.0,81.0,170.0
218.0,85.0,100.0,154.0
230.0,86.0,108.0,167.0
250.0,86.0,112.0,174.0
268.0,86.0,114.0,174.0
302.0,83.0,97.0,188.0
336.0,75.0,73.0,204.0
349.0,79.0,73.0,204.0
363.0,82.0,104.0,196.0
377.0,82.0,103.0,188.0
393.0,84.0,87.0,177.0
403.0,83.0,77.0,160.0
412.0,82.0,68.0,145.0
420.0,84.0,60.0,126.0
429.0,83.0,51.0,119.0
437.0,86.0,43.0,101.0
444.0,87.0,36.0,99.0
449.0,94.0,31.0,91.0
452.0,96.0,28.0,94.0
453.0,101.0,27.0,98.0
453.0,101.0,27.0,98.0
449.0,152.0,31.0,155.0
429.0,113.0,51.0,209.0
406.0,123.0,74.0,205.0
391.0,125.0,89.0,209.0
384.0,123.0,84.0,231.0
368.0,125.0,84.0,235.0
353.0,123.0,79.0,237.0
333.0,118.0,74.0,241.0
313.0,113.0,74.0,247.0
292.0,118.0,77.0,241.0
275.0,108.0,80.0,251.0
259.0,103.0,80.0,257.0
243.0,101.0,77.0,259.0
222.0,93.0,77.0,266.0
203.0,96.0,77.0,264.0
178.0,91.0,81.0,261.0
159.0,83.0,81.0,261.0
134.0,77.0,87.0,256.0
107.0,74.0,94.0,256.0
74.0,55.0,94.0,251.0
60.0,50.0,94.0,246.0
50.0,42.0,94.0,246.0
40.0,34.0,94.0,246.0
29.0,19.0,92.0,241.0
18.0,13.0,90.0,236.0
11.0,9.0,88.0,236.0
13.0,1.0,85.0,236.0
15.0,1.0,78.0,226.0
14.0,1.0,80.0,226.0
17.0,1.0,77.0,226.0
17.0,1.0,77.0,226.0
18.0,1.0,79.0,226.0
21.0,1.0,82.0,226.0
29.0,1.0,84.0,226.0
32.0,1.0,87.0,208.0
38.0,1.0,90.0,204.0
53.0,1.0,90.0,192.0
66.0,1.0,90.0,188.0
81.0,1.0,86.0,200.0
102.0,1.0,76.0,208.0
119.0,1.0,74.0,216.0
142.0,1.0,69.0,216.0
166.0,1.0,61.0,220.0
183.0,1.0,63.0,220.0
202.0,1.0,62.0,229.0
219.0,1.0,66.0,234.0
234.0,1.0,67.0,234.0
250.0,1.0,69.0,239.0
266.0,1.0,69.0,239.0
280.0,21.0,75.0,216.0
313.0,29.0,75.0,216.0
331.0,32.0,72.0,229.0
345.0,30.0,75.0,233.0
359.0,35.0,74.0,232.0
371.0,39.0,88.0,227.0
378.0,39.0,97.0,219.0
388.0,39.0,92.0,210.0
396.0,39.0,84.0,202.0
404.0,39.0,76.0,202.0
407.0,43.0,73.0,210.0
413.0,45.0,67.0,223.0
414.0,49.0,66.0,223.0
414.0,49.0,66.0,223.0
417.0,47.0,63.0,236.0
417.0,45.0,63.0,241.0
415.0,45.0,65.0,251.0
408.0,51.0,72.0,251.0
401.0,52.0,79.0,256.0
385.0,57.0,82.0,256.0
362.0,62.0,94.0,246.0
344.0,67.0,102.0,236.0
331.0,65.0,104.0,241.0
317.0,66.0,102.0,241.0
303.0,66.0,100.0,231.0
287.0,71.0,100.0,213.0
274.0,67.0,94.0,204.0
257.0,63.0,96.0,204.0
241.0,63.0,96.0,204.0
222.0,57.0,94.0,207.0
201.0,53.0,92.0,215.0
181.0,49.0,88.0,215.0
172.0,44.0,80.0,220.0
134.0,37.0,90.0,207.0
112.0,33.0,99.0,215.0
92.0,25.0,111.0,224.0
67.0,21.0,125.0,215.0
49.0,14.0,131.0,210.0
28.0,8.0,139.0,206.0
12.0,2.0,142.0,202.0
8.0,1.0,134.0,198.0
9.0,1.0,124.0,198.0
9.0,1.0,119.0,190.0
11.0,1.0,115.0,186.0
14.0,1.0,113.0,186.0
17.0,1.0,111.0,186.0
24.0,1.0,107.0,186.0
25.0,1.0,109.0,186.0
34.0,1.0,104.0,190.0
30.0,1.0,115.0,179.0
31.0,1.0,124.0,140.0
42.0,3.0,126.0,135.0
55.0,3.0,128.0,135.0
68.0,6.0,125.0,135.0
62.0,2.0,146.0,155.0
69.0,1.0,152.0,178.0
88.0,1.0,149.0,196.0
109.0,1.0,140.0,208.0
136.0,1.0,126.0,208.0
173.0,1.0,99.0,225.0
201.0,1.0,86.0,230.0
215.0,1.0,86.0,235.0
235.0,1.0,87.0,239.0
260.0,1.0,80.0,239.0
279.0,8.0,88.0,225.0
305.0,11.0,95.0,216.0
318.0,18.0,101.0,212.0
330.0,18.0,105.0,212.0
342.0,18.0,109.0,204.0
353.0,20.0,116.0,200.0
367.0,22.0,113.0,188.0
375.0,26.0,105.0,188.0
382.0,28.0,98.0,184.0
388.0,30.0,92.0,188.0
394.0,30.0,86.0,188.0
400.0,30.0,80.0,196.0
400.0,30.0,80.0,196.0
401.0,34.0,79.0,196.0
399.0,38.0,81.0,196.0
398.0,40.0,82.0,192.0
394.0,34.0,86.0,204.0
387.0,38.0,93.0,204.0
379.0,42.0,101.0,204.0
371.0,42.0,109.0,212.0
365.0,44.0,115.0,208.0
357.0,48.0,120.0,208.0
348.0,48.0,120.0,216.0
334.0,48.0,122.0,216.0
325.0,48.0,118.0,216.0
314.0,48.0,113.0,216.0
302.0,46.0,104.0,229.0
286.0,44.0,94.0,234.0
271.0,44.0,85.0,243.0
256.0,44.0,77.0,243.0
240.0,42.0,77.0,229.0
223.0,44.0,81.0,225.0
187.0,36.0,86.0,225.0
171.0,32.0,83.0,239.0
149.0,36.0,88.0,259.0
142.0,39.0,81.0,264.0
128.0,42.0,83.0,259.0
106.0,42.0,97.0,259.0
95.0,45.0,99.0,244.0
88.0,38.0,97.0,249.0
75.0,45.0,97.0,244.0
60.0,47.0,99.0,239.0
46.0,59.0,111.0,225.0
41.0,90.0,116.0,204.0
41.0,90.0,116.0,204.0
39.0,121.0,131.0,181.0
31.0,156.0,142.0,164.0
36.0,182.0,126.0,139.0
40.0,209.0,112.0,116.0
47.0,230.0,110.0,93.0
32.0,250.0,121.0,84.0
23.0,238.0,150.0,97.0
17.0,240.0,156.0,97.0
13.0,242.0,159.0,93.0
10.0,250.0,165.0,84.0
9.0,258.0,168.0,77.0
4.0,254.0,171.0,85.0
4.0,252.0,171.0,88.0
4.0,249.0,171.0,93.0
7.0,247.0,158.0,97.0
9.0,245.0,149.0,105.0
11.0,241.0,146.0,109.0
16.0,234.0,137.0,113.0
8.0,228.0,143.0,120.0
1.0,211.0,132.0,137.0
1.0,199.0,120.0,140.0
1.0,181.0,120.0,152.0
1.0,159.0,117.0,182.0
1.0,139.0,112.0,182.0
1.0,131.0,117.0,165.0
1.0,130.0,106.0,140.0
1.0,135.0,102.0,114.0
1.0,148.0,89.0,97.0
1.0,146.0,89.0,97.0
1.0,147.0,87.0,97.0
1.0,147.0,91.0,101.0
1.0,147.0,91.0,101.0
1.0,147.0,91.0,109.0
1.0,146.0,80.0,111.0
1.0,143.0,77.0,109.0
1.0,141.0,62.0,109.0
1.0,140.0,67.0,111.0
1.0,139.0,68.0,113.0
1.0,136.0,71.0,116.0
3.0,132.0,74.0,121.0
11.0,131.0,75.0,123.0
4.0,131.0,90.0,133.0
1.0,130.0,99.0,130.0
3.0,130.0,103.0,130.0
1.0,130.0,109.0,130.0
3.0,130.0,109.0,130.0
1.0,130.0,113.0,130.0
1.0,126.0,113.0,133.0
1.0,126.0,111.0,133.0
1.0,120.0,108.0,135.0
1.0,121.0,110.0,134.0
1.0,115.0,107.0,136.0
1.0,111.0,105.0,139.0
1.0,114.0,103.0,139.0
1.0,115.0,93.0,136.0
1.0,116.0,93.0,133.0
1.0,115.0,93.0,130.0
1.0,110.0,93.0,127.0
1.0,105.0,99.0,135.0
1.0,96.0,120.0,178.0
1.0,71.0,133.0,186.0
6.0,48.0,130.0,193.0
5.0,48.0,127.0,193.0
16.0,3.0,135.0,240.0
37.0,1.0,130.0,240.0
51.0,1.0,102.0,200.0
60.0,1.0,96.0,181.0
72.0,1.0,94.0,137.0
77.0,1.0,108.0,137.0
90.0,1.0,112.0,137.0
104.0,1.0,105.0,140.0
107.0,1.0,139.0,171.0
110.0,1.0,133.0,171.0
94.0,1.0,143.0,209.0
87.0,34.0,129.0,209.0
97.0,54.0,108.0,217.0
120.0,80.0,83.0,200.0
135.0,105.0,75.0,174.0
153.0,132.0,71.0,121.0
171.0,139.0,68.0,96.0
190.0,144.0,65.0,90.0
211.0,136.0,63.0,102.0
260.0,140.0,54.0,102.0
282.0,137.0,53.0,108.0
300.0,142.0,55.0,112.0
320.0,146.0,58.0,117.0
341.0,148.0,59.0,131.0
359.0,156.0,60.0,136.0
378.0,157.0,65.0,144.0
400.0,162.0,66.0,146.0
419.0,162.0,61.0,152.0
436.0,167.0,44.0,122.0
456.0,167.0,24.0,115.0
0
0
0
0
0
0
0
0
0
0
0
0
0
0
0
440.0,190.0,40.0,170.0
414.0,180.0,66.0,180.0
401.0,177.0,76.0,183.0
378.0,177.0,67.0,183.0
346.0,175.0,68.0,185.0
317.0,171.0,67.0,189.0
232.0,153.0,95.0,207.0
189.0,143.0,109.0,217.0
156.0,131.0,118.0,229.0
140.0,123.0,108.0,220.0
121.0,107.0,106.0,253.0
109.0,101.0,96.0,258.0
83.0,88.0,102.0,257.0
60.0,83.0,102.0,232.0
51.0,75.0,90.0,214.0
41.0,64.0,87.0,202.0
39.0,55.0,83.0,197.0
41.0,50.0,81.0,201.0
41.0,50.0,81.0,201.0
30.0,41.0,91.0,205.0
17.0,33.0,103.0,205.0
6.0,29.0,116.0,209.0
7.0,25.0,118.0,209.0
4.0,23.0,130.0,213.0
7.0,18.0,135.0,222.0
17.0,18.0,132.0,222.0
29.0,14.0,124.0,213.0
54.0,12.0,105.0,208.0
76.0,4.0,89.0,191.0
87.0,1.0,86.0,176.0
112.0,1.0,73.0,172.0
128.0,1.0,71.0,168.0
144.0,1.0,67.0,172.0
157.0,1.0,66.0,169.0
174.0,1.0,66.0,162.0
192.0,1.0,67.0,162.0
208.0,1.0,67.0,159.0
231.0,1.0,68.0,159.0
274.0,4.0,63.0,169.0
296.0,12.0,63.0,187.0
313.0,16.0,64.0,206.0
330.0,21.0,65.0,227.0
347.0,29.0,62.0,236.0
363.0,31.0,58.0,245.0
378.0,46.0,61.0,240.0
391.0,63.0,70.0,235.0
400.0,88.0,79.0,226.0
410.0,120.0,70.0,217.0
417.0,158.0,63.0,202.0
417.0,154.0,63.0,206.0
423.0,201.0,57.0,159.0
438.0,243.0,42.0,117.0
446.0,270.0,34.0,90.0
448.0,280.0,32.0,80.0
451.0,279.0,29.0,81.0
0
0
0
0
0
0
0
453.0,268.0,27.0,85.0
447.0,270.0,33.0,86.0
436.0,272.0,44.0,85.0
424.0,268.0,56.0,87.0
403.0,254.0,77.0,91.0
381.0,243.0,99.0,94.0
352.0,235.0,106.0,100.0
291.0,230.0,154.0,104.0
268.0,230.0,157.0,108.0
239.0,226.0,163.0,112.0
228.0,226.0,150.0,112.0
214.0,219.0,147.0,112.0
205.0,211.0,141.0,114.0
204.0,202.0,133.0,114.0
212.0,198.0,118.0,105.0
202.0,186.0,131.0,105.0
196.0,169.0,142.0,111.0
196.0,154.0,148.0,120.0
195.0,142.0,154.0,125.0
195.0,142.0,154.0,125.0
194.0,130.0,157.0,130.0
198.0,118.0,151.0,135.0
204.0,110.0,148.0,141.0
200.0,102.0,151.0,141.0
195.0,95.0,154.0,144.0
199.0,93.0,153.0,144.0
200.0,91.0,153.0,144.0
208.0,88.0,144.0,144.0
211.0,90.0,138.0,147.0
214.0,86.0,127.0,150.0
215.0,89.0,117.0,150.0
216.0,92.0,99.0,147.0
212.0,93.0,79.0,153.0
208.0,89.0,75.0,156.0
204.0,89.0,74.0,156.0
204.0,86.0,72.0,156.0
204.0,87.0,67.0,156.0
200.0,96.0,64.0,150.0
187.0,104.0,71.0,147.0
189.0,126.0,78.0,138.0
205.0,140.0,83.0,127.0
216.0,156.0,92.0,117.0
224.0,172.0,101.0,108.0
229.0,189.0,105.0,102.0
245.0,213.0,101.0,90.0
271.0,228.0,95.0,88.0
285.0,232.0,101.0,80.0
306.0,230.0,95.0,71.0
311.0,221.0,97.0,72.0
313.0,222.0,93.0,69.0
310.0,227.0,91.0,69.0
311.0,233.0,89.0,66.0
309.0,241.0,91.0,66.0
309.0,237.0,86.0,66.0
310.0,223.0,85.0,64.0
306.0,209.0,85.0,64.0
298.0,201.0,83.0,66.0
286.0,198.0,82.0,67.0
275.0,197.0,79.0,68.0
267.0,193.0,77.0,64.0
266.0,186.0,74.0,64.0
261.0,180.0,75.0,67.0
258.0,179.0,74.0,67.0
257.0,179.0,74.0,63.0
253.0,175.0,75.0,65.0
249.0,174.0,74.0,66.0
251.0,168.0,69.0,70.0
253.0,163.0,70.0,67.0
260.0,158.0,70.0,67.0
253.0,155.0,84.0,65.0
253.0,156.0,91.0,69.0
252.0,158.0,100.0,58.0
265.0,160.0,102.0,62.0
252.0,159.0,115.0,68.0
252.0,159.0,115.0,68.0
255.0,158.0,108.0,68.0
250.0,157.0,110.0,69.0
253.0,156.0,114.0,72.0
253.0,155.0,123.0,76.0
249.0,153.0,131.0,76.0
259.0,152.0,129.0,78.0
259.0,154.0,129.0,78.0
264.0,154.0,124.0,78.0
260.0,155.0,126.0,80.0
261.0,156.0,119.0,78.0
261.0,150.0,112.0,84.0
259.0,147.0,107.0,86.0
261.0,142.0,103.0,90.0
263.0,137.0,99.0,83.0
255.0,140.0,107.0,81.0
256.0,141.0,109.0,79.0
258.0,140.0,109.0,66.0
252.0,140.0,116.0,66.0
247.0,140.0,116.0,69.0
241.0,137.0,118.0,70.0
240.0,139.0,116.0,71.0
241.0,139.0,114.0,70.0
241.0,142.0,114.0,67.0
240.0,146.0,117.0,67.0
260.0,145.0,98.0,67.0
251.0,142.0,100.0,69.0
247.0,133.0,92.0,78.0
237.0,127.0,86.0,80.0
238.0,126.0,85.0,79.0
235.0,126.0,85.0,77.0
230.0,130.0,85.0,74.0
221.0,133.0,87.0,71.0
211.0,137.0,85.0,70.0
210.0,142.0,80.0,68.0
204.0,149.0,82.0,66.0
204.0,155.0,79.0,64.0
204.0,160.0,79.0,61.0
203.0,165.0,77.0,56.0
212.0,168.0,68.0,51.0
212.0,168.0,68.0,51.0
215.0,166.0,60.0,54.0
207.0,166.0,61.0,52.0
205.0,168.0,60.0,50.0
206.0,160.0,69.0,58.0
204.0,157.0,69.0,58.0
205.0,148.0,70.0,60.0
213.0,142.0,69.0,60.0
222.0,139.0,70.0,57.0
223.0,139.0,73.0,57.0
221.0,145.0,71.0,47.0
215.0,147.0,68.0,42.0
207.0,142.0,69.0,47.0
207.0,135.0,61.0,56.0
213.0,134.0,51.0,62.0
212.0,141.0,44.0,66.0
202.0,148.0,44.0,73.0
204.0,150.0,56.0,72.0
200.0,153.0,52.0,71.0
197.0,150.0,52.0,75.0
193.0,161.0,44.0,57.0
189.0,158.0,44.0,59.0
189.0,150.0,38.0,58.0
187.0,149.0,36.0,55.0
185.0,144.0,55.0,50.0
186.0,136.0,53.0,60.0
188.0,130.0,53.0,61.0
192.0,127.0,46.0,55.0
191.0,120.0,40.0,57.0
157.0,81.0,67.0,95.0
149.0,79.0,68.0,95.0
149.0,79.0,68.0,95.0
140.0,79.0,70.0,88.0
134.0,76.0,70.0,73.0
127.0,73.0,83.0,74.0
122.0,70.0,94.0,78.0
114.0,69.0,102.0,73.0
107.0,72.0,104.0,66.0
93.0,72.0,110.0,67.0
76.0,69.0,122.0,67.0
67.0,67.0,134.0,69.0
73.0,68.0,101.0,68.0
76.0,70.0,103.0,69.0
