668.0,401.0,82.0,79.0
666.0,407.0,84.0,82.0
664.0,416.0,84.0,84.0
662.0,423.0,85.0,84.0
658.0,427.0,86.0,81.0
656.0,430.0,85.0,82.0
656.0,429.0,83.0,85.0
655.0,431.0,83.0,83.0
654.0,429.0,83.0,84.0
654.0,428.0,83.0,84.0
653.0,426.0,85.0,83.0
654.0,423.0,86.0,85.0
655.0,420.0,84.0,82.0
657.0,417.0,85.0,81.0
660.0,414.0,84.0,81.0
664.0,412.0,84.0,80.0
667.0,409.0,84.0,80.0
670.0,408.0,83.0,81.0
672.0,407.0,83.0,81.0
672.0,406.0,84.0,81.0
671.0,406.0,84.0,82.0
670.0,406.0,84.0,82.0
668.0,406.0,84.0,82.0
666.0,407.0,84.0,81.0
663.0,407.0,84.0,81.0
660.0,407.0,84.0,82.0
656.0,407.0,85.0,81.0
654.0,406.0,85.0,82.0
652.0,406.0,85.0,82.0
650.0,405.0,84.0,82.0
649.0,404.0,84.0,82.0
648.0,404.0,84.0,82.0
647.0,404.0,84.0,81.0
646.0,404.0,84.0,82.0
644.0,404.0,85.0,83.0
643.0,404.0,84.0,82.0
642.0,404.0,84.0,83.0
639.0,405.0,84.0,82.0
637.0,405.0,84.0,82.0
636.0,405.0,83.0,81.0
633.0,405.0,84.0,82.0
632.0,404.0,83.0,83.0
629.0,404.0,84.0,82.0
627.0,405.0,84.0,81.0
625.0,405.0,83.0,81.0
622.0,404.0,84.0,83.0
620.0,405.0,84.0,82.0
618.0,405.0,84.0,83.0
616.0,404.0,84.0,84.0
614.0,405.0,84.0,82.0
613.0,405.0,84.0,82.0
611.0,404.0,85.0,82.0
611.0,404.0,84.0,82.0
610.0,405.0,84.0,81.0
610.0,405.0,83.0,81.0
609.0,406.0,84.0,81.0
609.0,406.0,82.0,81.0
609.0,407.0,81.0,80.0
609.0,406.0,81.0,80.0
609.0,406.0,80.0,79.0
610.0,406.0,78.0,77.0
609.0,405.0,77.0,77.0
610.0,405.0,76.0,75.0
610.0,406.0,75.0,73.0
610.0,406.0,75.0,73.0
611.0,407.0,72.0,72.0
611.0,408.0,71.0,70.0
611.0,409.0,71.0,71.0
611.0,410.0,71.0,71.0
612.0,412.0,70.0,71.0
611.0,414.0,72.0,71.0
611.0,416.0,72.0,71.0
611.0,419.0,72.0,71.0
611.0,421.0,72.0,71.0
612.0,424.0,71.0,71.0
612.0,426.0,72.0,71.0
612.0,428.0,72.0,71.0
612.0,430.0,72.0,71.0
613.0,432.0,72.0,72.0
613.0,434.0,72.0,70.0
613.0,435.0,72.0,71.0
613.0,436.0,72.0,71.0
613.0,437.0,72.0,70.0
613.0,438.0,72.0,70.0
612.0,438.0,73.0,71.0
612.0,438.0,72.0,71.0
612.0,439.0,73.0,70.0
611.0,440.0,73.0,70.0
611.0,440.0,73.0,70.0
611.0,440.0,72.0,70.0
610.0,441.0,73.0,70.0
609.0,441.0,74.0,70.0
609.0,441.0,73.0,70.0
608.0,441.0,74.0,70.0
608.0,442.0,74.0,70.0
609.0,442.0,72.0,70.0
608.0,443.0,73.0,69.0
607.0,443.0,74.0,70.0
607.0,443.0,72.0,70.0
606.0,443.0,73.0,70.0
606.0,444.0,72.0,71.0
605.0,444.0,73.0,70.0
604.0,445.0,73.0,69.0
604.0,445.0,73.0,70.0
603.0,445.0,73.0,71.0
603.0,446.0,73.0,69.0
603.0,446.0,72.0,70.0
602.0,447.0,73.0,71.0
601.0,447.0,74.0,71.0
601.0,447.0,73.0,71.0
600.0,450.0,73.0,70.0
600.0,450.0,73.0,71.0
599.0,452.0,73.0,70.0
598.0,452.0,73.0,70.0
598.0,453.0,73.0,70.0
597.0,454.0,73.0,70.0
596.0,453.0,73.0,71.0
595.0,454.0,74.0,69.0
595.0,453.0,73.0,71.0
594.0,453.0,72.0,70.0
592.0,453.0,74.0,71.0
592.0,453.0,72.0,71.0
590.0,453.0,73.0,71.0
588.0,453.0,73.0,71.0
586.0,453.0,74.0,71.0
585.0,453.0,73.0,71.0
582.0,451.0,75.0,73.0
581.0,452.0,73.0,72.0
579.0,452.0,73.0,71.0
577.0,453.0,74.0,71.0
576.0,452.0,73.0,72.0
575.0,452.0,73.0,72.0
573.0,452.0,73.0,71.0
571.0,452.0,73.0,71.0
570.0,452.0,73.0,72.0
569.0,452.0,73.0,71.0
568.0,452.0,72.0,71.0
567.0,453.0,72.0,71.0
565.0,453.0,73.0,71.0
564.0,453.0,73.0,70.0
563.0,453.0,73.0,70.0
562.0,453.0,73.0,71.0
561.0,453.0,73.0,71.0
561.0,453.0,73.0,71.0
560.0,453.0,73.0,71.0
560.0,453.0,72.0,71.0
560.0,453.0,72.0,69.0
560.0,453.0,72.0,71.0
560.0,453.0,73.0,71.0
561.0,453.0,72.0,70.0
561.0,453.0,73.0,70.0
562.0,453.0,72.0,70.0
562.0,453.0,73.0,70.0
563.0,452.0,73.0,71.0
564.0,452.0,73.0,71.0
564.0,452.0,73.0,70.0
565.0,451.0,73.0,71.0
566.0,450.0,73.0,70.0
567.0,449.0,73.0,70.0
569.0,448.0,72.0,70.0
570.0,448.0,73.0,70.0
571.0,447.0,73.0,70.0
572.0,447.0,72.0,69.0
573.0,447.0,73.0,70.0
574.0,448.0,72.0,69.0
575.0,448.0,72.0,68.0
575.0,448.0,72.0,69.0
575.0,448.0,72.0,70.0
575.0,448.0,72.0,71.0
575.0,448.0,72.0,71.0
575.0,448.0,72.0,71.0
574.0,448.0,73.0,71.0
574.0,448.0,72.0,71.0
574.0,448.0,72.0,71.0
574.0,449.0,72.0,71.0
574.0,448.0,72.0,71.0
574.0,448.0,72.0,71.0
574.0,449.0,72.0,69.0
574.0,449.0,72.0,69.0
575.0,449.0,71.0,71.0
575.0,449.0,72.0,71.0
576.0,449.0,71.0,71.0
577.0,449.0,71.0,70.0
577.0,449.0,72.0,71.0
578.0,449.0,72.0,70.0
579.0,449.0,72.0,70.0
580.0,449.0,71.0,69.0
580.0,449.0,72.0,70.0
581.0,449.0,71.0,69.0
581.0,449.0,71.0,69.0
581.0,448.0,71.0,69.0
582.0,449.0,71.0,69.0
582.0,448.0,71.0,70.0
583.0,448.0,71.0,70.0
583.0,448.0,71.0,69.0
584.0,448.0,70.0,69.0
584.0,448.0,71.0,69.0
584.0,448.0,71.0,69.0
585.0,449.0,70.0,68.0
585.0,449.0,71.0,68.0
585.0,448.0,71.0,70.0
586.0,448.0,71.0,70.0
586.0,448.0,71.0,69.0
586.0,448.0,72.0,69.0
587.0,448.0,71.0,69.0
587.0,448.0,71.0,69.0
587.0,448.0,71.0,68.0
587.0,448.0,70.0,68.0
587.0,447.0,70.0,69.0
587.0,448.0,70.0,67.0
587.0,447.0,70.0,68.0
587.0,447.0,70.0,68.0
586.0,447.0,70.0,68.0
586.0,446.0,70.0,68.0
586.0,446.0,70.0,68.0
586.0,446.0,70.0,68.0
585.0,446.0,70.0,68.0
585.0,446.0,70.0,67.0
585.0,446.0,70.0,67.0
585.0,446.0,69.0,67.0
584.0,445.0,70.0,68.0
585.0,445.0,69.0,68.0
584.0,445.0,70.0,67.0
584.0,445.0,70.0,67.0
585.0,444.0,69.0,68.0
584.0,444.0,70.0,67.0
585.0,444.0,69.0,66.0
585.0,443.0,69.0,67.0
585.0,443.0,69.0,67.0
585.0,443.0,69.0,67.0
585.0,443.0,69.0,66.0
585.0,443.0,69.0,67.0
585.0,443.0,69.0,67.0
584.0,443.0,70.0,67.0
583.0,444.0,70.0,68.0
583.0,444.0,70.0,69.0
582.0,445.0,71.0,69.0
581.0,446.0,72.0,69.0
580.0,447.0,72.0,69.0
580.0,448.0,72.0,69.0
580.0,448.0,73.0,71.0
579.0,449.0,74.0,71.0
578.0,449.0,75.0,72.0
578.0,450.0,75.0,72.0
577.0,451.0,76.0,72.0
577.0,451.0,76.0,73.0
576.0,451.0,77.0,73.0
577.0,451.0,76.0,74.0
576.0,451.0,76.0,74.0
576.0,451.0,76.0,73.0
575.0,450.0,77.0,74.0
575.0,449.0,77.0,75.0
575.0,449.0,76.0,74.0
575.0,449.0,76.0,73.0
575.0,449.0,76.0,73.0
575.0,448.0,76.0,73.0
575.0,448.0,76.0,73.0
575.0,448.0,76.0,72.0
575.0,447.0,76.0,73.0
574.0,447.0,77.0,72.0
575.0,447.0,76.0,72.0
575.0,446.0,76.0,72.0
575.0,445.0,76.0,72.0
574.0,444.0,77.0,72.0
574.0,443.0,76.0,73.0
575.0,441.0,76.0,74.0
574.0,440.0,76.0,73.0
573.0,439.0,76.0,74.0
573.0,439.0,76.0,73.0
573.0,438.0,75.0,73.0
573.0,437.0,75.0,73.0
572.0,437.0,76.0,73.0
572.0,437.0,76.0,73.0
572.0,436.0,76.0,73.0
572.0,436.0,76.0,73.0
572.0,436.0,76.0,73.0
573.0,436.0,76.0,73.0
573.0,435.0,76.0,73.0
573.0,435.0,76.0,73.0
573.0,435.0,76.0,73.0
573.0,435.0,76.0,73.0
573.0,436.0,76.0,72.0
574.0,435.0,75.0,73.0
574.0,435.0,75.0,72.0
574.0,435.0,76.0,73.0
573.0,435.0,77.0,73.0
573.0,435.0,77.0,73.0
573.0,435.0,76.0,73.0
573.0,435.0,76.0,73.0
573.0,435.0,76.0,74.0
573.0,435.0,77.0,74.0
573.0,435.0,77.0,73.0
572.0,435.0,78.0,73.0
573.0,435.0,77.0,74.0
572.0,435.0,78.0,73.0
572.0,435.0,78.0,73.0
572.0,434.0,78.0,74.0
572.0,435.0,77.0,73.0
572.0,434.0,77.0,75.0
572.0,435.0,77.0,73.0
571.0,434.0,78.0,73.0
571.0,433.0,77.0,73.0
571.0,434.0,77.0,73.0
571.0,433.0,77.0,74.0
570.0,433.0,78.0,73.0
570.0,433.0,78.0,73.0
571.0,433.0,77.0,74.0
571.0,433.0,77.0,73.0
571.0,432.0,77.0,75.0
570.0,432.0,78.0,74.0
571.0,432.0,77.0,74.0
571.0,432.0,77.0,73.0
570.0,431.0,78.0,73.0
570.0,430.0,77.0,73.0
570.0,428.0,77.0,75.0
570.0,428.0,77.0,74.0
570.0,427.0,77.0,73.0
569.0,426.0,78.0,73.0
569.0,425.0,78.0,74.0
569.0,423.0,78.0,74.0
569.0,421.0,78.0,75.0
569.0,420.0,78.0,75.0
569.0,419.0,77.0,74.0
568.0,417.0,78.0,74.0
568.0,415.0,77.0,75.0
568.0,414.0,77.0,74.0
568.0,413.0,77.0,73.0
568.0,412.0,78.0,73.0
568.0,410.0,77.0,74.0
567.0,410.0,79.0,75.0
567.0,409.0,79.0,74.0
568.0,409.0,78.0,74.0
569.0,408.0,78.0,73.0
570.0,406.0,78.0,74.0
571.0,405.0,77.0,74.0
571.0,403.0,78.0,74.0
572.0,401.0,77.0,76.0
572.0,401.0,78.0,74.0
572.0,400.0,78.0,74.0
573.0,398.0,77.0,74.0
573.0,396.0,78.0,75.0
574.0,393.0,78.0,73.0
576.0,392.0,76.0,74.0
576.0,389.0,78.0,74.0
577.0,386.0,78.0,74.0
578.0,384.0,77.0,72.0
579.0,381.0,77.0,74.0
580.0,380.0,76.0,71.0
581.0,378.0,74.0,71.0
581.0,377.0,73.0,70.0
580.0,376.0,75.0,70.0
580.0,375.0,75.0,70.0
579.0,374.0,76.0,71.0
578.0,373.0,77.0,72.0
577.0,370.0,77.0,74.0
576.0,369.0,78.0,71.0
575.0,367.0,78.0,73.0
574.0,366.0,79.0,74.0
574.0,365.0,79.0,73.0
573.0,363.0,80.0,74.0
574.0,362.0,80.0,74.0
576.0,361.0,79.0,75.0
577.0,359.0,80.0,75.0
578.0,357.0,81.0,72.0
581.0,356.0,80.0,73.0
583.0,353.0,80.0,78.0
586.0,353.0,78.0,73.0
586.0,350.0,80.0,79.0
589.0,349.0,79.0,77.0
590.0,347.0,80.0,76.0
592.0,344.0,77.0,77.0
593.0,342.0,78.0,73.0
594.0,340.0,79.0,75.0
596.0,338.0,78.0,75.0
597.0,336.0,77.0,74.0
596.0,333.0,80.0,77.0
597.0,332.0,79.0,75.0
597.0,330.0,80.0,74.0
597.0,329.0,80.0,76.0
597.0,328.0,81.0,76.0
598.0,328.0,81.0,76.0
597.0,329.0,81.0,74.0
598.0,329.0,81.0,76.0
599.0,331.0,81.0,74.0
600.0,331.0,80.0,76.0
601.0,332.0,80.0,76.0
601.0,333.0,80.0,75.0
602.0,333.0,81.0,76.0
603.0,334.0,80.0,76.0
603.0,334.0,81.0,76.0
604.0,334.0,81.0,77.0
604.0,335.0,81.0,75.0
604.0,335.0,81.0,76.0
605.0,335.0,81.0,76.0
605.0,335.0,81.0,76.0
606.0,335.0,80.0,76.0
607.0,336.0,80.0,76.0
606.0,336.0,81.0,76.0
607.0,337.0,81.0,76.0
607.0,337.0,81.0,77.0
607.0,337.0,81.0,77.0
607.0,337.0,81.0,76.0
607.0,337.0,81.0,76.0
607.0,337.0,81.0,76.0
607.0,338.0,81.0,75.0
608.0,338.0,80.0,75.0
608.0,338.0,81.0,75.0
609.0,338.0,80.0,79.0
609.0,338.0,80.0,79.0
610.0,339.0,80.0,78.0
610.0,339.0,80.0,78.0
610.0,339.0,81.0,79.0
612.0,339.0,80.0,78.0
613.0,339.0,81.0,80.0
614.0,339.0,81.0,79.0
616.0,339.0,81.0,80.0
618.0,339.0,81.0,79.0
620.0,340.0,80.0,79.0
621.0,340.0,81.0,78.0
623.0,339.0,80.0,79.0
624.0,339.0,81.0,79.0
625.0,339.0,81.0,80.0
627.0,340.0,80.0,78.0
629.0,340.0,79.0,78.0
629.0,341.0,80.0,79.0
630.0,341.0,80.0,79.0
631.0,340.0,80.0,79.0
631.0,340.0,80.0,78.0
631.0,340.0,80.0,79.0
631.0,340.0,80.0,79.0
630.0,340.0,81.0,79.0
630.0,340.0,81.0,79.0
630.0,340.0,81.0,79.0
630.0,340.0,80.0,79.0
630.0,340.0,80.0,78.0
630.0,340.0,80.0,79.0
629.0,340.0,81.0,79.0
629.0,340.0,80.0,78.0
629.0,340.0,80.0,79.0
629.0,340.0,80.0,79.0
629.0,340.0,80.0,79.0
628.0,340.0,81.0,79.0
629.0,340.0,79.0,79.0
629.0,340.0,80.0,79.0
628.0,340.0,81.0,79.0
628.0,340.0,81.0,79.0
629.0,340.0,81.0,79.0
629.0,340.0,81.0,79.0
629.0,340.0,81.0,79.0
630.0,340.0,81.0,80.0
630.0,340.0,81.0,79.0
631.0,340.0,81.0,79.0
631.0,340.0,81.0,79.0
632.0,340.0,80.0,79.0
632.0,340.0,80.0,79.0
632.0,340.0,81.0,80.0
633.0,340.0,81.0,80.0
634.0,341.0,80.0,79.0
634.0,340.0,81.0,80.0
635.0,340.0,79.0,80.0
635.0,341.0,79.0,79.0
635.0,341.0,80.0,79.0
635.0,341.0,80.0,78.0
635.0,341.0,80.0,78.0
635.0,340.0,80.0,79.0
635.0,340.0,80.0,79.0
635.0,340.0,80.0,79.0
635.0,340.0,80.0,79.0
635.0,340.0,80.0,79.0
635.0,340.0,79.0,78.0
635.0,339.0,79.0,79.0
635.0,339.0,79.0,79.0
634.0,339.0,80.0,79.0
635.0,339.0,79.0,79.0
635.0,338.0,80.0,80.0
635.0,338.0,80.0,80.0
635.0,339.0,80.0,79.0
635.0,339.0,81.0,79.0
636.0,339.0,80.0,79.0
637.0,339.0,79.0,79.0
637.0,339.0,80.0,79.0
637.0,339.0,80.0,82.0
634.0,339.0,84.0,82.0
634.0,339.0,84.0,82.0
638.0,338.0,80.0,80.0
639.0,337.0,79.0,80.0
638.0,337.0,80.0,80.0
639.0,337.0,79.0,79.0
638.0,337.0,80.0,78.0
637.0,337.0,80.0,79.0
637.0,337.0,81.0,79.0
637.0,337.0,80.0,79.0
637.0,337.0,80.0,79.0
637.0,337.0,81.0,79.0
637.0,337.0,81.0,79.0
638.0,337.0,80.0,79.0
639.0,337.0,79.0,79.0
640.0,336.0,79.0,80.0
640.0,336.0,81.0,81.0
640.0,337.0,80.0,79.0
642.0,337.0,79.0,79.0
641.0,337.0,81.0,79.0
642.0,337.0,81.0,79.0
642.0,337.0,81.0,79.0
642.0,337.0,81.0,79.0
643.0,337.0,81.0,79.0
644.0,337.0,81.0,79.0
645.0,337.0,79.0,79.0
645.0,337.0,81.0,79.0
645.0,336.0,81.0,79.0
646.0,335.0,81.0,79.0
646.0,335.0,81.0,79.0
647.0,334.0,81.0,79.0
648.0,334.0,81.0,79.0
648.0,334.0,81.0,79.0
649.0,332.0,81.0,81.0
649.0,331.0,81.0,81.0
649.0,331.0,81.0,79.0
651.0,330.0,79.0,80.0
651.0,330.0,79.0,80.0
651.0,331.0,79.0,79.0
652.0,331.0,78.0,79.0
652.0,331.0,78.0,79.0
652.0,332.0,78.0,78.0
651.0,332.0,79.0,78.0
651.0,332.0,79.0,78.0
651.0,332.0,79.0,78.0
651.0,331.0,79.0,78.0
652.0,331.0,78.0,78.0
651.0,331.0,79.0,79.0
651.0,330.0,79.0,79.0
651.0,329.0,79.0,80.0
650.0,329.0,80.0,80.0
650.0,328.0,81.0,79.0
650.0,327.0,80.0,80.0
651.0,326.0,80.0,80.0
651.0,325.0,80.0,80.0
651.0,325.0,81.0,80.0
651.0,324.0,81.0,81.0
651.0,324.0,81.0,81.0
651.0,325.0,81.0,80.0
651.0,324.0,81.0,80.0
651.0,324.0,81.0,80.0
652.0,324.0,80.0,80.0
652.0,324.0,80.0,79.0
652.0,323.0,81.0,80.0
652.0,322.0,81.0,80.0
653.0,322.0,79.0,79.0
654.0,322.0,79.0,79.0
653.0,321.0,81.0,80.0
654.0,321.0,80.0,80.0
656.0,321.0,79.0,79.0
655.0,321.0,81.0,79.0
656.0,321.0,81.0,80.0
656.0,321.0,81.0,80.0
656.0,321.0,81.0,80.0
658.0,321.0,80.0,80.0
658.0,321.0,80.0,80.0
658.0,321.0,80.0,80.0
658.0,321.0,80.0,79.0
658.0,321.0,80.0,80.0
658.0,321.0,80.0,80.0
658.0,321.0,80.0,79.0
658.0,321.0,80.0,80.0
658.0,321.0,80.0,79.0
658.0,321.0,80.0,80.0
658.0,321.0,80.0,79.0
658.0,321.0,80.0,79.0
658.0,321.0,80.0,80.0
658.0,321.0,80.0,80.0
658.0,321.0,80.0,80.0
658.0,321.0,80.0,80.0
658.0,321.0,80.0,80.0
658.0,321.0,80.0,79.0
658.0,321.0,80.0,80.0
658.0,321.0,80.0,80.0
658.0,321.0,80.0,80.0
658.0,321.0,80.0,80.0
658.0,321.0,81.0,80.0
658.0,321.0,81.0,80.0
658.0,321.0,81.0,80.0
658.0,321.0,81.0,80.0
658.0,321.0,81.0,80.0
660.0,321.0,78.0,78.0
660.0,322.0,79.0,75.0
659.0,322.0,83.0,75.0
658.0,321.0,83.0,79.0
659.0,323.0,79.0,76.0
657.0,323.0,81.0,78.0
659.0,325.0,78.0,76.0
656.0,322.0,81.0,79.0
658.0,324.0,76.0,77.0
655.0,323.0,81.0,77.0
657.0,324.0,76.0,77.0
653.0,324.0,83.0,75.0
654.0,324.0,82.0,77.0
654.0,325.0,82.0,75.0
653.0,324.0,83.0,78.0
654.0,325.0,79.0,76.0
651.0,323.0,83.0,79.0
652.0,323.0,82.0,79.0
653.0,324.0,79.0,77.0
650.0,323.0,82.0,79.0
651.0,324.0,81.0,78.0
652.0,326.0,79.0,77.0
650.0,324.0,83.0,78.0
650.0,323.0,84.0,80.0
651.0,323.0,82.0,78.0
652.0,325.0,80.0,77.0
651.0,325.0,80.0,76.0
649.0,324.0,82.0,76.0
648.0,324.0,83.0,77.0
647.0,324.0,83.0,77.0
647.0,324.0,83.0,78.0
648.0,325.0,82.0,76.0
649.0,325.0,80.0,76.0
651.0,325.0,79.0,76.0
650.0,323.0,82.0,79.0
649.0,322.0,83.0,80.0
651.0,324.0,78.0,80.0
651.0,324.0,81.0,78.0
650.0,322.0,82.0,80.0
651.0,324.0,77.0,78.0
648.0,324.0,82.0,77.0
645.0,322.0,85.0,78.0
644.0,323.0,84.0,76.0
646.0,325.0,78.0,75.0
643.0,323.0,82.0,75.0
642.0,322.0,83.0,74.0
641.0,322.0,84.0,76.0
642.0,323.0,80.0,76.0
642.0,324.0,79.0,76.0
640.0,323.0,80.0,74.0
639.0,322.0,82.0,75.0
638.0,321.0,83.0,80.0
636.0,320.0,84.0,80.0
636.0,320.0,84.0,78.0
637.0,321.0,84.0,76.0
638.0,321.0,84.0,76.0
639.0,320.0,83.0,76.0
640.0,320.0,83.0,79.0
641.0,320.0,81.0,79.0
640.0,321.0,82.0,78.0
641.0,322.0,79.0,75.0
640.0,320.0,81.0,77.0
640.0,320.0,80.0,78.0
639.0,321.0,82.0,75.0
637.0,321.0,83.0,77.0
638.0,324.0,81.0,76.0
639.0,323.0,82.0,77.0
642.0,323.0,80.0,77.0
643.0,322.0,79.0,79.0
644.0,322.0,80.0,79.0
644.0,323.0,79.0,78.0
642.0,322.0,83.0,77.0
643.0,323.0,79.0,78.0
641.0,323.0,83.0,79.0
641.0,324.0,81.0,78.0
638.0,323.0,83.0,80.0
638.0,324.0,83.0,79.0
640.0,325.0,77.0,77.0
637.0,324.0,82.0,80.0
639.0,326.0,79.0,78.0
638.0,326.0,82.0,78.0
637.0,325.0,84.0,80.0
639.0,326.0,81.0,79.0
639.0,327.0,81.0,77.0
639.0,326.0,82.0,78.0
640.0,327.0,80.0,77.0
641.0,326.0,80.0,76.0
641.0,325.0,81.0,78.0
640.0,324.0,82.0,79.0
641.0,324.0,80.0,79.0
643.0,326.0,77.0,76.0
643.0,327.0,76.0,73.0
642.0,326.0,80.0,74.0
641.0,326.0,78.0,76.0
639.0,327.0,82.0,73.0
639.0,328.0,81.0,76.0
639.0,328.0,82.0,75.0
640.0,329.0,78.0,77.0
641.0,329.0,80.0,79.0
642.0,329.0,78.0,79.0
643.0,332.0,77.0,78.0
641.0,331.0,81.0,80.0
642.0,333.0,78.0,77.0
640.0,332.0,81.0,79.0
643.0,334.0,76.0,77.0
640.0,331.0,82.0,80.0
641.0,332.0,79.0,79.0
642.0,332.0,80.0,78.0
642.0,332.0,80.0,78.0
643.0,334.0,79.0,76.0
641.0,333.0,83.0,78.0
642.0,334.0,81.0,79.0
644.0,336.0,78.0,75.0
643.0,334.0,76.0,74.0
643.0,334.0,81.0,77.0
644.0,335.0,78.0,77.0
644.0,337.0,77.0,75.0
642.0,334.0,80.0,78.0
641.0,333.0,82.0,80.0
640.0,334.0,83.0,80.0
641.0,335.0,82.0,78.0
642.0,335.0,80.0,80.0
643.0,336.0,79.0,79.0
644.0,337.0,78.0,78.0
645.0,338.0,76.0,76.0
644.0,339.0,78.0,77.0
645.0,340.0,76.0,75.0
645.0,340.0,78.0,74.0
644.0,339.0,81.0,77.0
645.0,341.0,78.0,78.0
644.0,343.0,82.0,77.0
645.0,344.0,81.0,80.0
646.0,346.0,82.0,79.0
650.0,347.0,79.0,78.0
650.0,346.0,79.0,80.0
653.0,347.0,77.0,78.0
654.0,347.0,74.0,79.0
651.0,347.0,79.0,77.0
650.0,346.0,80.0,79.0
650.0,348.0,78.0,77.0
649.0,347.0,80.0,76.0
647.0,346.0,83.0,77.0
647.0,346.0,82.0,77.0
647.0,346.0,81.0,78.0
647.0,346.0,80.0,79.0
646.0,346.0,82.0,78.0
647.0,346.0,80.0,79.0
647.0,346.0,82.0,77.0
648.0,348.0,80.0,78.0
649.0,350.0,78.0,77.0
647.0,349.0,80.0,78.0
647.0,347.0,81.0,80.0
646.0,348.0,83.0,79.0
647.0,349.0,79.0,78.0
646.0,349.0,80.0,80.0
644.0,348.0,81.0,80.0
646.0,349.0,78.0,77.0
644.0,348.0,80.0,81.0
644.0,348.0,81.0,79.0
645.0,349.0,79.0,78.0
644.0,351.0,80.0,78.0
643.0,350.0,81.0,78.0
644.0,352.0,79.0,76.0
644.0,351.0,79.0,78.0
643.0,349.0,81.0,81.0
642.0,349.0,83.0,80.0
643.0,350.0,79.0,79.0
644.0,349.0,75.0,79.0
641.0,348.0,77.0,82.0
640.0,348.0,73.0,82.0
639.0,348.0,69.0,81.0
640.0,349.0,59.0,82.0
641.0,350.0,54.0,82.0
641.0,349.0,48.0,79.0
642.0,348.0,41.0,85.0
637.0,348.0,43.0,81.0
643.0,348.0,30.0,80.0
644.0,347.0,27.0,81.0
638.0,345.0,33.0,81.0
639.0,346.0,34.0,80.0
635.0,346.0,40.0,80.0
638.0,346.0,42.0,79.0
638.0,346.0,45.0,79.0
639.0,346.0,49.0,76.0
638.0,346.0,56.0,74.0
639.0,344.0,61.0,73.0
639.0,344.0,72.0,72.0
641.0,342.0,75.0,74.0
643.0,342.0,76.0,72.0
645.0,342.0,77.0,71.0
647.0,341.0,77.0,72.0
649.0,341.0,78.0,71.0
652.0,342.0,77.0,65.0
655.0,342.0,75.0,65.0
658.0,341.0,74.0,68.0
661.0,341.0,72.0,69.0
665.0,341.0,69.0,72.0
667.0,341.0,67.0,69.0
670.0,341.0,64.0,71.0
672.0,341.0,62.0,70.0
673.0,340.0,60.0,71.0
672.0,340.0,61.0,72.0
671.0,340.0,62.0,71.0
668.0,340.0,64.0,69.0
665.0,341.0,65.0,70.0
660.0,341.0,70.0,67.0
657.0,341.0,71.0,67.0
652.0,342.0,74.0,58.0
649.0,343.0,76.0,55.0
647.0,345.0,78.0,55.0
644.0,345.0,80.0,58.0
642.0,346.0,80.0,59.0
641.0,346.0,79.0,62.0
639.0,346.0,79.0,64.0
638.0,347.0,79.0,63.0
637.0,347.0,78.0,63.0
637.0,347.0,77.0,64.0
638.0,347.0,74.0,64.0
637.0,347.0,74.0,64.0
636.0,346.0,73.0,65.0
636.0,347.0,72.0,63.0
636.0,347.0,70.0,65.0
636.0,347.0,70.0,65.0
636.0,346.0,70.0,66.0
637.0,345.0,68.0,67.0
636.0,346.0,69.0,67.0
636.0,346.0,69.0,68.0
635.0,346.0,69.0,68.0
635.0,346.0,68.0,68.0
634.0,346.0,68.0,68.0
633.0,346.0,68.0,68.0
631.0,346.0,70.0,68.0
631.0,346.0,70.0,68.0
630.0,346.0,70.0,67.0
630.0,346.0,71.0,66.0
629.0,346.0,72.0,66.0
629.0,347.0,73.0,65.0
629.0,347.0,75.0,64.0
629.0,347.0,75.0,64.0
630.0,348.0,75.0,63.0
630.0,348.0,76.0,63.0
630.0,349.0,76.0,63.0
630.0,349.0,76.0,64.0
630.0,350.0,76.0,63.0
630.0,350.0,76.0,64.0
629.0,350.0,75.0,62.0
629.0,350.0,75.0,60.0
629.0,350.0,74.0,59.0
628.0,350.0,75.0,60.0
628.0,349.0,74.0,61.0
627.0,348.0,74.0,61.0
627.0,347.0,74.0,61.0
627.0,347.0,74.0,62.0
626.0,346.0,74.0,62.0
626.0,346.0,73.0,63.0
627.0,346.0,71.0,64.0
627.0,346.0,71.0,65.0
627.0,346.0,71.0,67.0
628.0,346.0,70.0,69.0
628.0,347.0,68.0,68.0
628.0,348.0,65.0,69.0
628.0,349.0,63.0,70.0
629.0,351.0,61.0,67.0
629.0,352.0,61.0,68.0
629.0,352.0,61.0,69.0
628.0,353.0,62.0,69.0
628.0,354.0,63.0,69.0
628.0,354.0,60.0,69.0
627.0,355.0,62.0,67.0
627.0,355.0,62.0,67.0
627.0,355.0,62.0,67.0
627.0,354.0,62.0,68.0
627.0,354.0,62.0,67.0
626.0,354.0,63.0,67.0
626.0,353.0,64.0,68.0
626.0,354.0,64.0,66.0
626.0,353.0,68.0,67.0
627.0,354.0,67.0,66.0
627.0,353.0,69.0,68.0
627.0,353.0,69.0,68.0
628.0,354.0,68.0,67.0
628.0,353.0,69.0,69.0
629.0,353.0,69.0,69.0
630.0,353.0,68.0,68.0
630.0,353.0,69.0,68.0
630.0,354.0,69.0,68.0
630.0,354.0,69.0,69.0
629.0,354.0,71.0,68.0
629.0,355.0,71.0,69.0
627.0,355.0,72.0,69.0
627.0,355.0,72.0,69.0
626.0,355.0,73.0,68.0
625.0,354.0,73.0,69.0
625.0,355.0,73.0,67.0
623.0,355.0,74.0,68.0
623.0,355.0,74.0,67.0
623.0,357.0,75.0,65.0
623.0,358.0,75.0,64.0
623.0,358.0,75.0,65.0
623.0,359.0,75.0,63.0
623.0,359.0,75.0,62.0
623.0,359.0,75.0,61.0
623.0,359.0,75.0,62.0
622.0,359.0,75.0,62.0
622.0,358.0,75.0,61.0
622.0,357.0,74.0,62.0
622.0,356.0,73.0,62.0
622.0,356.0,71.0,61.0
623.0,355.0,71.0,62.0
623.0,353.0,70.0,64.0
624.0,354.0,69.0,64.0
625.0,353.0,68.0,66.0
624.0,352.0,69.0,67.0
626.0,354.0,68.0,66.0
626.0,354.0,68.0,67.0
627.0,354.0,66.0,68.0
627.0,355.0,63.0,68.0
628.0,356.0,63.0,68.0
629.0,357.0,62.0,68.0
629.0,357.0,61.0,69.0
630.0,358.0,60.0,69.0
631.0,359.0,59.0,69.0
632.0,358.0,58.0,69.0
633.0,359.0,58.0,65.0
632.0,358.0,61.0,69.0
632.0,357.0,61.0,70.0
632.0,358.0,62.0,67.0
632.0,357.0,62.0,67.0
633.0,356.0,61.0,65.0
633.0,355.0,60.0,64.0
632.0,355.0,61.0,62.0
631.0,356.0,62.0,60.0
629.0,354.0,66.0,60.0
628.0,354.0,68.0,60.0
627.0,352.0,69.0,61.0
626.0,352.0,70.0,60.0
625.0,352.0,71.0,59.0
624.0,351.0,71.0,60.0
623.0,352.0,72.0,61.0
622.0,352.0,74.0,63.0
621.0,352.0,75.0,64.0
621.0,354.0,76.0,64.0
621.0,355.0,76.0,64.0
620.0,354.0,77.0,65.0
619.0,353.0,77.0,66.0
618.0,353.0,77.0,65.0
617.0,352.0,78.0,65.0
617.0,351.0,77.0,63.0
616.0,349.0,78.0,64.0
615.0,349.0,79.0,63.0
615.0,349.0,79.0,61.0
616.0,348.0,79.0,59.0
615.0,348.0,80.0,55.0
615.0,348.0,79.0,53.0
616.0,348.0,79.0,50.0
617.0,350.0,78.0,47.0
617.0,348.0,79.0,48.0
618.0,348.0,79.0,47.0
620.0,349.0,76.0,47.0
620.0,349.0,76.0,49.0
620.0,349.0,75.0,51.0
620.0,349.0,75.0,54.0
622.0,350.0,74.0,55.0
621.0,351.0,75.0,59.0
622.0,351.0,73.0,62.0
622.0,353.0,73.0,63.0
623.0,354.0,73.0,63.0
621.0,354.0,73.0,64.0
621.0,355.0,72.0,63.0
621.0,356.0,72.0,62.0
622.0,356.0,70.0,62.0
623.0,356.0,68.0,62.0
622.0,355.0,69.0,64.0
623.0,355.0,68.0,64.0
623.0,355.0,69.0,63.0
622.0,354.0,72.0,65.0
623.0,354.0,71.0,62.0
622.0,355.0,72.0,61.0
621.0,354.0,74.0,61.0
621.0,355.0,74.0,59.0
620.0,354.0,76.0,59.0
620.0,354.0,76.0,59.0
619.0,354.0,77.0,58.0
619.0,353.0,77.0,58.0
620.0,354.0,76.0,57.0
618.0,354.0,77.0,56.0
616.0,352.0,78.0,58.0
617.0,353.0,78.0,57.0
616.0,353.0,77.0,56.0
615.0,352.0,78.0,57.0
615.0,352.0,78.0,58.0
615.0,351.0,76.0,58.0
614.0,351.0,77.0,57.0
615.0,351.0,76.0,57.0
615.0,351.0,76.0,57.0
615.0,351.0,76.0,56.0
615.0,350.0,76.0,58.0
615.0,351.0,76.0,57.0
616.0,352.0,75.0,56.0
617.0,352.0,74.0,57.0
616.0,352.0,76.0,58.0
616.0,352.0,76.0,58.0
617.0,352.0,75.0,60.0
617.0,352.0,75.0,62.0
617.0,354.0,74.0,60.0
617.0,354.0,73.0,61.0
617.0,355.0,72.0,61.0
618.0,355.0,71.0,60.0
619.0,355.0,70.0,61.0
619.0,355.0,71.0,61.0
619.0,355.0,71.0,60.0
619.0,353.0,74.0,60.0
621.0,352.0,71.0,60.0
620.0,352.0,73.0,58.0
619.0,349.0,74.0,58.0
617.0,347.0,75.0,57.0
616.0,344.0,73.0,58.0
614.0,341.0,72.0,60.0
612.0,339.0,71.0,62.0
611.0,338.0,70.0,65.0
610.0,337.0,69.0,70.0
609.0,337.0,70.0,73.0
608.0,339.0,73.0,73.0
608.0,341.0,71.0,75.0
608.0,342.0,71.0,75.0
608.0,343.0,71.0,75.0
609.0,346.0,71.0,72.0
608.0,348.0,73.0,69.0
608.0,350.0,74.0,68.0
608.0,350.0,74.0,68.0
608.0,351.0,75.0,68.0
608.0,350.0,73.0,68.0
607.0,349.0,72.0,66.0
606.0,348.0,72.0,65.0
605.0,347.0,71.0,63.0
605.0,345.0,71.0,62.0
605.0,343.0,70.0,63.0
607.0,341.0,68.0,64.0
606.0,342.0,73.0,62.0
606.0,341.0,74.0,62.0
606.0,341.0,76.0,60.0
607.0,341.0,77.0,57.0
607.0,339.0,76.0,56.0
606.0,337.0,78.0,55.0
606.0,336.0,76.0,51.0
607.0,335.0,75.0,50.0
608.0,334.0,74.0,47.0
609.0,334.0,74.0,46.0
611.0,331.0,74.0,49.0
613.0,330.0,73.0,49.0
614.0,329.0,75.0,48.0
615.0,327.0,78.0,45.0
617.0,325.0,81.0,43.0
621.0,323.0,82.0,39.0
625.0,319.0,81.0,36.0
631.0,317.0,81.0,33.0
637.0,314.0,80.0,32.0
644.0,312.0,80.0,28.0
652.0,311.0,82.0,25.0
659.0,311.0,82.0,23.0
667.0,311.0,84.0,20.0
673.0,313.0,83.0,20.0
679.0,310.0,85.0,26.0
688.0,314.0,81.0,28.0
694.0,317.0,82.0,31.0
700.0,321.0,81.0,32.0
707.0,327.0,79.0,33.0
714.0,332.0,78.0,36.0
722.0,339.0,75.0,38.0
729.0,347.0,72.0,39.0
738.0,352.0,67.0,45.0
744.0,357.0,66.0,50.0
751.0,363.0,58.0,51.0
757.0,370.0,56.0,61.0
762.0,377.0,50.0,66.0
768.0,384.0,45.0,69.0
772.0,389.0,39.0,72.0
774.0,394.0,34.0,73.0
777.0,398.0,31.0,76.0
776.0,400.0,33.0,78.0
777.0,402.0,31.0,76.0
776.0,402.0,32.0,78.0
775.0,403.0,33.0,77.0
775.0,403.0,33.0,78.0
774.0,403.0,34.0,77.0
774.0,403.0,34.0,77.0
773.0,402.0,35.0,77.0
772.0,402.0,37.0,76.0
771.0,400.0,38.0,77.0
770.0,397.0,39.0,79.0
770.0,394.0,40.0,81.0
769.0,391.0,42.0,82.0
769.0,388.0,41.0,78.0
769.0,384.0,42.0,82.0
769.0,379.0,41.0,82.0
768.0,374.0,40.0,82.0
769.0,368.0,38.0,81.0
765.0,360.0,42.0,79.0
763.0,355.0,43.0,77.0
760.0,347.0,43.0,76.0
754.0,342.0,47.0,70.0
748.0,337.0,53.0,67.0
738.0,332.0,60.0,61.0
730.0,328.0,64.0,57.0
721.0,326.0,70.0,51.0
712.0,324.0,74.0,45.0
704.0,322.0,78.0,39.0
696.0,320.0,78.0,33.0
688.0,318.0,80.0,29.0
681.0,316.0,82.0,25.0
677.0,309.0,80.0,27.0
669.0,311.0,83.0,24.0
664.0,310.0,82.0,25.0
659.0,310.0,81.0,26.0
655.0,309.0,81.0,29.0
653.0,309.0,77.0,30.0
649.0,309.0,76.0,31.0
645.0,308.0,77.0,34.0
642.0,309.0,76.0,35.0
639.0,308.0,75.0,38.0
635.0,309.0,76.0,40.0
633.0,309.0,75.0,42.0
630.0,310.0,76.0,44.0
628.0,310.0,75.0,47.0
625.0,311.0,75.0,49.0
622.0,311.0,75.0,53.0
620.0,313.0,74.0,55.0
618.0,315.0,74.0,55.0
615.0,317.0,75.0,57.0
616.0,320.0,72.0,56.0
614.0,321.0,73.0,59.0
612.0,323.0,73.0,60.0
612.0,325.0,72.0,60.0
610.0,326.0,74.0,63.0
609.0,328.0,73.0,63.0
609.0,330.0,73.0,63.0
608.0,332.0,74.0,63.0
609.0,335.0,72.0,64.0
608.0,337.0,73.0,63.0
610.0,339.0,71.0,64.0
604.0,341.0,77.0,64.0
610.0,342.0,72.0,66.0
610.0,343.0,72.0,64.0
608.0,344.0,74.0,64.0
608.0,344.0,75.0,64.0
609.0,344.0,73.0,64.0
608.0,343.0,74.0,63.0
609.0,342.0,73.0,63.0
608.0,342.0,74.0,60.0
607.0,341.0,75.0,60.0
607.0,339.0,74.0,60.0
605.0,339.0,74.0,59.0
605.0,338.0,73.0,61.0
605.0,339.0,73.0,61.0
604.0,341.0,72.0,63.0
603.0,341.0,74.0,65.0
603.0,341.0,71.0,66.0
603.0,342.0,71.0,66.0
601.0,342.0,73.0,66.0
600.0,342.0,73.0,67.0
599.0,343.0,74.0,65.0
598.0,343.0,74.0,66.0
599.0,343.0,74.0,66.0
598.0,343.0,74.0,66.0
597.0,343.0,74.0,66.0
598.0,343.0,73.0,66.0
599.0,343.0,72.0,66.0
599.0,344.0,72.0,66.0
600.0,344.0,71.0,66.0
600.0,344.0,71.0,66.0
602.0,344.0,70.0,66.0
602.0,344.0,72.0,66.0
603.0,345.0,72.0,72.0
603.0,346.0,74.0,72.0
605.0,349.0,74.0,71.0
608.0,350.0,74.0,73.0
608.0,351.0,77.0,72.0
609.0,352.0,78.0,72.0
610.0,352.0,79.0,72.0
611.0,352.0,78.0,71.0
612.0,351.0,78.0,71.0
613.0,351.0,77.0,70.0
613.0,351.0,78.0,70.0
614.0,351.0,77.0,71.0
614.0,351.0,76.0,69.0
614.0,351.0,77.0,71.0
614.0,351.0,76.0,70.0
613.0,351.0,76.0,71.0
614.0,352.0,75.0,70.0
611.0,351.0,78.0,70.0
611.0,350.0,76.0,70.0
610.0,351.0,77.0,68.0
609.0,350.0,78.0,69.0
609.0,351.0,78.0,70.0
608.0,350.0,79.0,71.0
608.0,351.0,79.0,70.0
607.0,350.0,78.0,70.0
607.0,350.0,78.0,70.0
607.0,350.0,77.0,68.0
607.0,349.0,77.0,69.0
606.0,348.0,78.0,71.0
607.0,348.0,78.0,70.0
607.0,349.0,79.0,69.0
607.0,348.0,79.0,70.0
608.0,348.0,78.0,69.0
607.0,348.0,79.0,70.0
608.0,349.0,79.0,69.0
609.0,349.0,78.0,69.0
609.0,349.0,80.0,71.0
610.0,349.0,80.0,70.0
611.0,350.0,79.0,71.0
611.0,351.0,81.0,70.0
612.0,350.0,81.0,72.0
613.0,350.0,80.0,73.0
613.0,350.0,80.0,72.0
612.0,350.0,81.0,74.0
612.0,351.0,79.0,72.0
611.0,352.0,78.0,71.0
611.0,352.0,78.0,73.0
610.0,352.0,77.0,71.0
609.0,352.0,78.0,71.0
610.0,352.0,77.0,72.0
610.0,352.0,76.0,71.0
610.0,352.0,77.0,71.0
610.0,351.0,76.0,71.0
610.0,351.0,76.0,69.0
608.0,350.0,77.0,71.0
608.0,350.0,77.0,70.0
608.0,350.0,76.0,70.0
607.0,349.0,77.0,71.0
606.0,349.0,76.0,70.0
605.0,349.0,76.0,71.0
603.0,349.0,77.0,71.0
601.0,349.0,76.0,70.0
600.0,347.0,78.0,70.0
597.0,346.0,77.0,69.0
596.0,342.0,74.0,72.0
593.0,338.0,74.0,71.0
592.0,333.0,70.0,70.0
590.0,327.0,71.0,71.0
590.0,321.0,68.0,70.0
590.0,316.0,68.0,65.0
590.0,316.0,68.0,65.0
591.0,306.0,71.0,58.0
593.0,302.0,73.0,53.0
597.0,300.0,73.0,46.0
599.0,299.0,78.0,40.0
604.0,296.0,78.0,36.0
608.0,293.0,82.0,34.0
613.0,292.0,84.0,31.0
620.0,293.0,84.0,29.0
625.0,293.0,86.0,27.0
632.0,293.0,87.0,27.0
640.0,294.0,86.0,28.0
648.0,294.0,85.0,30.0
656.0,296.0,86.0,30.0
663.0,297.0,87.0,32.0
672.0,300.0,85.0,35.0
681.0,304.0,84.0,36.0
692.0,308.0,81.0,38.0
702.0,312.0,78.0,43.0
713.0,317.0,74.0,47.0
722.0,321.0,71.0,54.0
733.0,328.0,64.0,58.0
743.0,334.0,59.0,63.0
753.0,341.0,50.0,69.0
760.0,349.0,45.0,72.0
767.0,357.0,37.0,75.0
771.0,365.0,34.0,77.0
777.0,374.0,28.0,79.0
781.0,382.0,23.0,78.0
783.0,390.0,21.0,78.0
785.0,396.0,19.0,80.0
784.0,402.0,19.0,80.0
780.0,413.0,22.0,76.0
777.0,414.0,23.0,80.0
774.0,421.0,26.0,78.0
770.0,426.0,28.0,77.0
767.0,431.0,30.0,78.0
763.0,436.0,34.0,77.0
760.0,440.0,37.0,76.0
758.0,444.0,38.0,74.0
755.0,447.0,41.0,74.0
753.0,449.0,43.0,73.0
751.0,450.0,45.0,74.0
750.0,452.0,45.0,73.0
749.0,453.0,46.0,73.0
749.0,452.0,45.0,73.0
749.0,452.0,44.0,73.0
750.0,452.0,43.0,72.0
749.0,452.0,43.0,72.0
750.0,452.0,42.0,71.0
749.0,451.0,42.0,72.0
748.0,452.0,43.0,70.0
748.0,452.0,43.0,69.0
748.0,451.0,44.0,69.0
746.0,449.0,46.0,70.0
747.0,446.0,44.0,71.0
748.0,443.0,42.0,71.0
749.0,439.0,40.0,72.0
750.0,435.0,39.0,73.0
753.0,429.0,35.0,75.0
755.0,425.0,32.0,76.0
757.0,419.0,29.0,77.0
758.0,414.0,28.0,78.0
760.0,408.0,25.0,79.0
762.0,403.0,24.0,80.0
764.0,396.0,20.0,82.0
764.0,390.0,20.0,82.0
762.0,385.0,20.0,81.0
759.0,378.0,22.0,80.0
754.0,371.0,25.0,81.0
749.0,364.0,29.0,80.0
743.0,359.0,33.0,78.0
737.0,352.0,38.0,77.0
730.0,346.0,44.0,75.0
721.0,340.0,52.0,74.0
714.0,336.0,56.0,69.0
704.0,332.0,64.0,66.0
696.0,328.0,69.0,63.0
689.0,326.0,72.0,58.0
682.0,324.0,75.0,55.0
677.0,323.0,76.0,50.0
672.0,322.0,78.0,48.0
667.0,321.0,81.0,47.0
664.0,321.0,81.0,45.0
660.0,321.0,82.0,42.0
657.0,322.0,83.0,39.0
654.0,321.0,83.0,38.0
652.0,322.0,83.0,34.0
648.0,323.0,84.0,32.0
644.0,323.0,86.0,30.0
642.0,322.0,86.0,30.0
641.0,323.0,84.0,28.0
637.0,323.0,85.0,29.0
636.0,324.0,84.0,28.0
634.0,324.0,84.0,28.0
631.0,326.0,86.0,27.0
631.0,327.0,83.0,26.0
630.0,328.0,83.0,26.0
630.0,328.0,83.0,26.0
628.0,330.0,82.0,26.0
627.0,330.0,82.0,27.0
626.0,330.0,82.0,27.0
627.0,330.0,80.0,27.0
626.0,330.0,80.0,28.0
627.0,331.0,79.0,28.0
626.0,332.0,79.0,27.0
627.0,332.0,78.0,27.0
627.0,332.0,78.0,27.0
627.0,332.0,79.0,28.0
626.0,334.0,80.0,26.0
627.0,334.0,79.0,25.0
626.0,334.0,80.0,26.0
627.0,334.0,79.0,26.0
628.0,335.0,77.0,24.0
627.0,335.0,78.0,25.0
626.0,336.0,79.0,25.0
625.0,335.0,80.0,26.0
625.0,336.0,78.0,25.0
624.0,336.0,79.0,26.0
624.0,337.0,78.0,27.0
624.0,337.0,78.0,28.0
623.0,338.0,78.0,29.0
622.0,338.0,79.0,30.0
620.0,339.0,79.0,32.0
621.0,339.0,77.0,33.0
620.0,341.0,77.0,35.0
619.0,340.0,77.0,37.0
619.0,341.0,75.0,39.0
618.0,341.0,76.0,41.0
617.0,341.0,75.0,44.0
617.0,340.0,75.0,48.0
616.0,341.0,77.0,47.0
615.0,342.0,78.0,47.0
616.0,342.0,75.0,49.0
616.0,343.0,75.0,50.0
616.0,344.0,76.0,49.0
616.0,343.0,77.0,52.0
617.0,344.0,76.0,52.0
617.0,343.0,76.0,52.0
616.0,343.0,78.0,51.0
616.0,342.0,78.0,52.0
617.0,341.0,76.0,51.0
616.0,341.0,77.0,51.0
616.0,341.0,76.0,51.0
616.0,342.0,75.0,50.0
616.0,340.0,75.0,53.0
615.0,340.0,74.0,53.0
613.0,340.0,75.0,53.0
613.0,340.0,74.0,54.0
612.0,340.0,75.0,54.0
610.0,340.0,76.0,55.0
609.0,340.0,76.0,54.0
608.0,340.0,77.0,56.0
607.0,340.0,76.0,57.0
607.0,340.0,75.0,57.0
605.0,340.0,75.0,57.0
605.0,340.0,76.0,57.0
605.0,341.0,75.0,57.0
605.0,340.0,75.0,59.0
604.0,340.0,75.0,59.0
604.0,339.0,75.0,60.0
604.0,340.0,74.0,58.0
604.0,339.0,73.0,58.0
604.0,339.0,73.0,59.0
605.0,340.0,71.0,59.0
604.0,340.0,73.0,59.0
604.0,340.0,73.0,60.0
604.0,340.0,74.0,61.0
605.0,342.0,73.0,60.0
606.0,343.0,73.0,60.0
606.0,343.0,73.0,62.0
607.0,344.0,71.0,63.0
608.0,345.0,69.0,64.0
609.0,345.0,69.0,65.0
610.0,345.0,68.0,68.0
609.0,346.0,68.0,67.0
609.0,347.0,68.0,68.0
609.0,346.0,69.0,70.0
609.0,347.0,69.0,70.0
610.0,346.0,69.0,70.0
610.0,345.0,69.0,70.0
611.0,345.0,69.0,70.0
612.0,345.0,70.0,68.0
613.0,342.0,71.0,69.0
614.0,342.0,70.0,68.0
615.0,342.0,71.0,67.0
615.0,342.0,74.0,66.0
617.0,341.0,72.0,67.0
617.0,341.0,72.0,67.0
617.0,341.0,74.0,66.0
616.0,341.0,75.0,67.0
616.0,341.0,77.0,67.0
615.0,342.0,78.0,66.0
616.0,343.0,76.0,66.0
615.0,343.0,77.0,66.0
614.0,345.0,77.0,64.0
613.0,344.0,78.0,64.0
611.0,342.0,79.0,67.0
610.0,344.0,77.0,65.0
609.0,344.0,77.0,65.0
607.0,344.0,77.0,65.0
607.0,344.0,77.0,67.0
607.0,345.0,76.0,65.0
607.0,345.0,75.0,67.0
607.0,345.0,75.0,67.0
608.0,345.0,74.0,68.0
608.0,346.0,74.0,66.0
608.0,346.0,74.0,66.0
608.0,345.0,72.0,65.0
608.0,343.0,73.0,66.0
609.0,343.0,71.0,66.0
609.0,343.0,70.0,65.0
608.0,343.0,71.0,66.0
609.0,343.0,71.0,66.0
609.0,345.0,72.0,64.0
611.0,345.0,71.0,65.0
612.0,345.0,71.0,66.0
614.0,345.0,71.0,68.0
615.0,346.0,71.0,68.0
616.0,346.0,70.0,69.0
617.0,347.0,69.0,70.0
618.0,347.0,68.0,71.0
621.0,348.0,65.0,72.0
621.0,349.0,65.0,72.0
623.0,350.0,63.0,73.0
624.0,351.0,62.0,73.0
625.0,352.0,61.0,73.0
624.0,352.0,62.0,74.0
625.0,351.0,63.0,75.0
625.0,351.0,63.0,76.0
625.0,351.0,64.0,74.0
625.0,351.0,65.0,74.0
625.0,350.0,65.0,71.0
626.0,348.0,69.0,72.0
626.0,347.0,69.0,72.0
626.0,347.0,72.0,71.0
626.0,347.0,72.0,70.0
626.0,346.0,72.0,69.0
626.0,345.0,72.0,71.0
626.0,345.0,72.0,71.0
626.0,346.0,72.0,70.0
626.0,347.0,72.0,70.0
626.0,348.0,70.0,71.0
623.0,348.0,72.0,71.0
623.0,347.0,72.0,72.0
622.0,346.0,71.0,72.0
621.0,346.0,71.0,71.0
621.0,346.0,70.0,70.0
621.0,347.0,71.0,69.0
621.0,347.0,71.0,69.0
621.0,347.0,72.0,70.0
622.0,347.0,71.0,70.0
622.0,346.0,71.0,70.0
621.0,346.0,72.0,70.0
621.0,346.0,72.0,69.0
621.0,346.0,72.0,72.0
621.0,347.0,70.0,70.0
621.0,347.0,70.0,71.0
622.0,347.0,68.0,71.0
622.0,347.0,68.0,70.0
621.0,347.0,68.0,70.0
622.0,348.0,68.0,70.0
621.0,348.0,69.0,70.0
622.0,348.0,69.0,69.0
623.0,349.0,69.0,69.0
623.0,348.0,69.0,70.0
623.0,348.0,69.0,71.0
623.0,348.0,71.0,70.0
624.0,349.0,68.0,69.0
624.0,348.0,70.0,71.0
624.0,348.0,70.0,71.0
624.0,350.0,69.0,68.0
624.0,349.0,68.0,69.0
626.0,350.0,69.0,69.0
625.0,353.0,70.0,65.0
626.0,351.0,70.0,70.0
627.0,351.0,70.0,72.0
627.0,349.0,71.0,75.0
627.0,347.0,72.0,78.0
627.0,345.0,73.0,77.0
628.0,343.0,73.0,76.0
627.0,341.0,74.0,74.0
627.0,341.0,73.0,72.0
626.0,342.0,74.0,70.0
624.0,346.0,75.0,67.0
624.0,348.0,74.0,67.0
624.0,351.0,76.0,66.0
623.0,352.0,77.0,66.0
623.0,349.0,77.0,68.0
624.0,349.0,76.0,66.0
625.0,348.0,76.0,66.0
625.0,349.0,78.0,65.0
627.0,350.0,78.0,64.0
628.0,350.0,79.0,66.0
629.0,350.0,79.0,65.0
630.0,351.0,80.0,64.0
630.0,351.0,80.0,64.0
630.0,352.0,81.0,64.0
632.0,354.0,77.0,62.0
631.0,353.0,79.0,65.0
631.0,353.0,78.0,68.0
633.0,351.0,78.0,73.0
635.0,349.0,77.0,76.0
635.0,345.0,77.0,74.0
634.0,340.0,78.0,72.0
632.0,337.0,78.0,69.0
631.0,336.0,78.0,65.0
630.0,341.0,78.0,58.0
629.0,344.0,80.0,56.0
629.0,349.0,78.0,55.0
628.0,351.0,78.0,59.0
628.0,351.0,77.0,64.0
628.0,350.0,78.0,67.0
628.0,350.0,77.0,67.0
628.0,350.0,78.0,66.0
629.0,349.0,78.0,66.0
630.0,349.0,78.0,66.0
630.0,349.0,80.0,68.0
631.0,348.0,82.0,71.0
633.0,348.0,80.0,69.0
634.0,348.0,80.0,69.0
634.0,348.0,79.0,70.0
633.0,348.0,80.0,70.0
634.0,348.0,80.0,70.0
634.0,348.0,79.0,68.0
635.0,348.0,79.0,69.0
634.0,348.0,79.0,69.0
633.0,348.0,79.0,68.0
634.0,348.0,78.0,69.0
633.0,347.0,78.0,69.0
634.0,347.0,76.0,67.0
632.0,347.0,77.0,66.0
631.0,348.0,75.0,64.0
630.0,346.0,75.0,65.0
628.0,347.0,75.0,64.0
627.0,345.0,72.0,65.0
625.0,344.0,71.0,66.0
624.0,345.0,65.0,64.0
621.0,343.0,65.0,67.0
621.0,344.0,61.0,66.0
619.0,347.0,59.0,65.0
618.0,348.0,58.0,65.0
618.0,349.0,57.0,67.0
618.0,352.0,57.0,64.0
618.0,352.0,55.0,66.0
618.0,353.0,56.0,64.0
618.0,353.0,57.0,65.0
618.0,353.0,59.0,65.0
619.0,353.0,60.0,65.0
619.0,353.0,60.0,65.0
619.0,354.0,62.0,63.0
618.0,354.0,64.0,62.0
619.0,354.0,66.0,62.0
620.0,356.0,66.0,59.0
620.0,356.0,67.0,58.0
619.0,358.0,68.0,57.0
620.0,359.0,67.0,55.0
619.0,356.0,67.0,57.0
615.0,353.0,68.0,54.0
608.0,345.0,69.0,55.0
602.0,335.0,72.0,58.0
596.0,327.0,74.0,60.0
589.0,322.0,77.0,59.0
586.0,319.0,75.0,58.0
585.0,317.0,75.0,60.0
586.0,317.0,71.0,62.0
587.0,319.0,71.0,60.0
591.0,324.0,70.0,59.0
594.0,330.0,71.0,57.0
598.0,336.0,72.0,56.0
602.0,344.0,72.0,53.0
606.0,352.0,73.0,50.0
610.0,358.0,72.0,49.0
614.0,363.0,70.0,48.0
616.0,367.0,70.0,49.0
617.0,368.0,68.0,50.0
616.0,366.0,66.0,51.0
612.0,361.0,66.0,54.0
608.0,353.0,64.0,55.0
602.0,346.0,65.0,54.0
597.0,338.0,66.0,53.0
590.0,331.0,70.0,51.0
586.0,326.0,72.0,50.0
585.0,322.0,71.0,49.0
585.0,321.0,69.0,51.0
586.0,322.0,69.0,50.0
589.0,325.0,69.0,49.0
593.0,329.0,69.0,45.0
598.0,335.0,74.0,42.0
604.0,340.0,76.0,37.0
611.0,345.0,79.0,37.0
618.0,350.0,83.0,37.0
628.0,354.0,85.0,41.0
641.0,358.0,83.0,45.0
652.0,361.0,83.0,49.0
663.0,363.0,84.0,51.0
674.0,365.0,86.0,50.0
686.0,364.0,82.0,51.0
697.0,361.0,79.0,52.0
704.0,356.0,81.0,50.0
711.0,349.0,79.0,46.0
720.0,342.0,76.0,44.0
726.0,336.0,74.0,40.0
728.0,333.0,77.0,34.0
728.0,329.0,79.0,33.0
726.0,327.0,83.0,34.0
726.0,327.0,82.0,34.0
727.0,328.0,81.0,34.0
725.0,332.0,81.0,34.0
722.0,339.0,80.0,33.0
719.0,346.0,80.0,32.0
716.0,355.0,80.0,32.0
713.0,362.0,79.0,34.0
712.0,369.0,78.0,36.0
712.0,374.0,78.0,37.0
712.0,376.0,79.0,40.0
713.0,375.0,76.0,42.0
714.0,371.0,77.0,43.0
717.0,365.0,77.0,45.0
719.0,356.0,78.0,47.0
720.0,349.0,79.0,46.0
723.0,342.0,78.0,45.0
725.0,334.0,80.0,46.0
728.0,327.0,81.0,49.0
731.0,322.0,81.0,48.0
733.0,320.0,80.0,47.0
735.0,320.0,79.0,45.0
737.0,321.0,77.0,43.0
739.0,324.0,75.0,43.0
738.0,329.0,74.0,42.0
734.0,336.0,76.0,42.0
732.0,342.0,75.0,43.0
731.0,350.0,75.0,44.0
729.0,357.0,74.0,48.0
729.0,361.0,74.0,55.0
732.0,364.0,70.0,61.0
733.0,369.0,65.0,63.0
733.0,373.0,63.0,66.0
734.0,375.0,62.0,67.0
735.0,377.0,60.0,69.0
738.0,379.0,58.0,71.0
744.0,381.0,53.0,71.0
749.0,383.0,49.0,73.0
753.0,385.0,44.0,75.0
756.0,389.0,40.0,75.0
760.0,393.0,34.0,77.0
761.0,397.0,33.0,78.0
763.0,402.0,31.0,78.0
764.0,407.0,29.0,79.0
767.0,412.0,25.0,80.0
767.0,419.0,25.0,79.0
766.0,425.0,26.0,79.0
764.0,430.0,26.0,80.0
761.0,436.0,27.0,78.0
756.0,440.0,31.0,78.0
749.0,446.0,37.0,76.0
741.0,451.0,44.0,74.0
731.0,456.0,51.0,71.0
724.0,461.0,55.0,69.0
713.0,464.0,63.0,66.0
703.0,464.0,69.0,65.0
689.0,464.0,76.0,66.0
678.0,463.0,80.0,64.0
662.0,461.0,85.0,65.0
652.0,458.0,90.0,68.0
643.0,449.0,74.0,76.0
636.0,448.0,71.0,74.0
633.0,444.0,58.0,74.0
630.0,440.0,45.0,76.0
629.0,433.0,34.0,78.0
626.0,427.0,28.0,78.0
624.0,417.0,29.0,82.0
622.0,411.0,37.0,80.0
618.0,401.0,48.0,83.0
618.0,393.0,57.0,82.0
619.0,387.0,62.0,77.0
623.0,380.0,62.0,73.0
626.0,373.0,64.0,76.0
629.0,370.0,65.0,71.0
632.0,367.0,67.0,67.0
635.0,362.0,68.0,68.0
641.0,360.0,70.0,67.0
643.0,358.0,74.0,67.0
645.0,357.0,76.0,63.0
647.0,354.0,78.0,65.0
650.0,355.0,76.0,62.0
650.0,356.0,76.0,60.0
650.0,358.0,77.0,57.0
648.0,360.0,79.0,58.0
649.0,360.0,79.0,60.0
649.0,362.0,78.0,61.0
648.0,361.0,78.0,64.0
648.0,360.0,77.0,66.0
647.0,360.0,77.0,65.0
647.0,359.0,75.0,65.0
647.0,361.0,73.0,63.0
648.0,363.0,71.0,63.0
648.0,364.0,71.0,65.0
647.0,364.0,69.0,67.0
647.0,364.0,67.0,67.0
648.0,363.0,67.0,68.0
648.0,362.0,68.0,70.0
648.0,362.0,68.0,70.0
649.0,361.0,70.0,67.0
650.0,362.0,73.0,68.0
651.0,363.0,73.0,67.0
652.0,362.0,73.0,69.0
654.0,361.0,69.0,67.0
655.0,359.0,71.0,66.0
655.0,357.0,73.0,66.0
655.0,356.0,73.0,63.0
655.0,357.0,72.0,62.0
657.0,357.0,70.0,62.0
656.0,359.0,70.0,63.0
656.0,360.0,69.0,63.0
656.0,361.0,67.0,65.0
657.0,361.0,66.0,67.0
657.0,361.0,66.0,67.0
658.0,359.0,64.0,69.0
658.0,360.0,60.0,66.0
657.0,360.0,65.0,66.0
657.0,361.0,63.0,66.0
657.0,363.0,62.0,65.0
656.0,363.0,64.0,65.0
656.0,362.0,64.0,64.0
655.0,361.0,64.0,64.0
654.0,358.0,63.0,63.0
653.0,358.0,63.0,62.0
651.0,357.0,62.0,61.0
650.0,358.0,62.0,60.0
648.0,360.0,62.0,58.0
647.0,361.0,63.0,60.0
645.0,363.0,62.0,59.0
645.0,363.0,62.0,62.0
645.0,363.0,60.0,64.0
645.0,364.0,60.0,62.0
646.0,363.0,59.0,66.0
646.0,364.0,59.0,65.0
645.0,366.0,61.0,62.0
644.0,368.0,63.0,58.0
644.0,367.0,64.0,57.0
643.0,367.0,67.0,59.0
642.0,368.0,68.0,58.0
642.0,367.0,68.0,58.0
640.0,366.0,68.0,57.0
636.0,359.0,67.0,60.0
632.0,353.0,67.0,61.0
626.0,343.0,67.0,66.0
619.0,335.0,68.0,67.0
611.0,327.0,70.0,68.0
605.0,322.0,72.0,68.0
601.0,319.0,72.0,68.0
600.0,316.0,70.0,70.0
600.0,316.0,70.0,70.0
600.0,316.0,70.0,69.0
603.0,320.0,70.0,67.0
606.0,325.0,70.0,65.0
607.0,331.0,73.0,61.0
611.0,337.0,73.0,58.0
615.0,344.0,71.0,56.0
617.0,352.0,71.0,52.0
621.0,357.0,67.0,53.0
623.0,361.0,65.0,55.0
622.0,362.0,64.0,56.0
620.0,359.0,61.0,58.0
616.0,354.0,60.0,60.0
612.0,347.0,58.0,62.0
604.0,340.0,59.0,63.0
598.0,334.0,60.0,60.0
591.0,329.0,62.0,57.0
586.0,324.0,66.0,58.0
585.0,321.0,65.0,58.0
588.0,320.0,63.0,57.0
590.0,319.0,67.0,55.0
594.0,321.0,70.0,49.0
599.0,326.0,72.0,43.0
604.0,331.0,73.0,37.0
609.0,336.0,76.0,36.0
616.0,341.0,77.0,37.0
622.0,345.0,82.0,43.0
630.0,347.0,84.0,51.0
638.0,348.0,85.0,60.0
650.0,350.0,83.0,64.0
660.0,353.0,84.0,67.0
672.0,355.0,82.0,64.0
681.0,356.0,83.0,61.0
695.0,353.0,78.0,60.0
703.0,348.0,79.0,60.0
712.0,343.0,76.0,57.0
718.0,335.0,75.0,54.0
723.0,327.0,77.0,50.0
728.0,320.0,76.0,46.0
731.0,315.0,75.0,39.0
734.0,308.0,76.0,38.0
733.0,305.0,78.0,37.0
732.0,304.0,79.0,35.0
732.0,304.0,77.0,36.0
729.0,305.0,77.0,39.0
726.0,308.0,76.0,40.0
724.0,313.0,75.0,41.0
721.0,319.0,73.0,43.0
719.0,326.0,72.0,46.0
717.0,332.0,70.0,49.0
716.0,338.0,69.0,53.0
717.0,343.0,65.0,57.0
719.0,345.0,62.0,60.0
722.0,343.0,62.0,65.0
724.0,338.0,61.0,67.0
728.0,330.0,59.0,68.0
730.0,322.0,61.0,68.0
729.0,314.0,64.0,66.0
728.0,305.0,69.0,65.0
728.0,302.0,71.0,64.0
728.0,296.0,74.0,62.0
728.0,292.0,77.0,61.0
728.0,288.0,78.0,60.0
729.0,287.0,77.0,58.0
730.0,288.0,76.0,57.0
731.0,291.0,73.0,55.0
729.0,296.0,73.0,53.0
728.0,303.0,70.0,50.0
725.0,310.0,70.0,52.0
722.0,317.0,68.0,53.0
720.0,326.0,67.0,56.0
721.0,331.0,63.0,64.0
722.0,337.0,58.0,68.0
723.0,342.0,55.0,76.0
727.0,349.0,46.0,77.0
728.0,352.0,43.0,79.0
732.0,356.0,37.0,78.0
736.0,360.0,31.0,78.0
739.0,364.0,28.0,77.0
744.0,368.0,24.0,79.0
747.0,370.0,23.0,82.0
749.0,374.0,21.0,83.0
746.0,379.0,24.0,83.0
743.0,384.0,27.0,81.0
741.0,388.0,28.0,81.0
734.0,392.0,33.0,79.0
725.0,397.0,40.0,77.0
717.0,400.0,46.0,77.0
709.0,405.0,52.0,75.0
701.0,411.0,58.0,72.0
694.0,417.0,60.0,69.0
681.0,422.0,68.0,67.0
670.0,425.0,72.0,63.0
652.0,429.0,79.0,60.0
639.0,431.0,84.0,59.0
627.0,432.0,84.0,60.0
619.0,432.0,76.0,58.0
614.0,431.0,68.0,62.0
609.0,429.0,58.0,64.0
603.0,424.0,53.0,68.0
601.0,418.0,45.0,70.0
599.0,409.0,40.0,75.0
598.0,402.0,36.0,76.0
597.0,392.0,34.0,80.0
596.0,382.0,35.0,84.0
593.0,373.0,39.0,85.0
593.0,365.0,44.0,84.0
595.0,357.0,45.0,81.0
595.0,349.0,52.0,79.0
596.0,340.0,55.0,80.0
597.0,334.0,59.0,77.0
600.0,326.0,65.0,74.0
604.0,321.0,67.0,71.0
607.0,316.0,69.0,69.0
610.0,315.0,75.0,65.0
612.0,314.0,81.0,62.0
615.0,311.0,83.0,63.0
618.0,308.0,84.0,64.0
623.0,307.0,83.0,65.0
625.0,307.0,85.0,65.0
627.0,310.0,87.0,64.0
629.0,311.0,90.0,65.0
630.0,312.0,91.0,67.0
630.0,313.0,92.0,68.0
627.0,311.0,94.0,71.0
627.0,311.0,90.0,67.0
626.0,310.0,89.0,72.0
625.0,310.0,88.0,72.0
625.0,309.0,86.0,74.0
624.0,311.0,86.0,72.0
626.0,312.0,86.0,74.0
628.0,312.0,86.0,77.0
628.0,311.0,88.0,79.0
630.0,311.0,88.0,78.0
630.0,310.0,88.0,77.0
631.0,309.0,88.0,75.0
631.0,309.0,89.0,74.0
631.0,311.0,89.0,72.0
630.0,311.0,88.0,73.0
630.0,311.0,86.0,73.0
630.0,310.0,84.0,73.0
628.0,309.0,84.0,73.0
627.0,307.0,85.0,73.0
628.0,306.0,85.0,73.0
628.0,306.0,86.0,70.0
629.0,307.0,87.0,68.0
630.0,308.0,88.0,67.0
632.0,310.0,88.0,67.0
632.0,309.0,89.0,69.0
630.0,310.0,93.0,68.0
631.0,308.0,91.0,69.0
632.0,307.0,89.0,69.0
632.0,306.0,89.0,69.0
632.0,306.0,89.0,70.0
632.0,308.0,89.0,69.0
631.0,308.0,90.0,71.0
630.0,308.0,89.0,70.0
628.0,308.0,92.0,70.0
631.0,307.0,87.0,70.0
628.0,305.0,90.0,72.0
629.0,304.0,87.0,70.0
629.0,304.0,87.0,69.0
630.0,305.0,87.0,69.0
631.0,304.0,88.0,70.0
632.0,305.0,88.0,72.0
634.0,306.0,89.0,71.0
635.0,306.0,91.0,73.0
635.0,307.0,91.0,71.0
634.0,307.0,91.0,70.0
634.0,307.0,91.0,71.0
635.0,306.0,92.0,71.0
635.0,305.0,93.0,71.0
636.0,303.0,93.0,71.0
636.0,301.0,95.0,72.0
637.0,299.0,94.0,70.0
637.0,299.0,94.0,68.0
638.0,297.0,93.0,68.0
638.0,298.0,94.0,67.0
638.0,299.0,93.0,67.0
637.0,299.0,93.0,68.0
637.0,301.0,93.0,69.0
637.0,304.0,92.0,68.0
636.0,303.0,91.0,71.0
634.0,301.0,91.0,71.0
632.0,299.0,89.0,71.0
631.0,296.0,87.0,72.0
630.0,293.0,87.0,72.0
631.0,291.0,86.0,74.0
632.0,291.0,85.0,72.0
634.0,291.0,85.0,72.0
638.0,292.0,83.0,72.0
639.0,292.0,84.0,74.0
642.0,294.0,84.0,74.0
645.0,296.0,83.0,73.0
645.0,297.0,82.0,73.0
645.0,297.0,80.0,73.0
645.0,297.0,77.0,72.0
646.0,295.0,74.0,73.0
645.0,292.0,72.0,73.0
646.0,290.0,71.0,73.0
646.0,288.0,73.0,74.0
647.0,288.0,72.0,71.0
646.0,286.0,74.0,72.0
645.0,283.0,75.0,72.0
645.0,282.0,77.0,72.0
643.0,278.0,80.0,74.0
640.0,277.0,85.0,72.0
639.0,276.0,87.0,71.0
638.0,274.0,90.0,71.0
637.0,273.0,91.0,71.0
635.0,272.0,92.0,69.0
633.0,271.0,91.0,66.0
631.0,267.0,91.0,70.0
626.0,264.0,94.0,69.0
625.0,261.0,93.0,69.0
623.0,258.0,92.0,68.0
622.0,255.0,90.0,68.0
621.0,251.0,89.0,71.0
622.0,249.0,87.0,69.0
623.0,248.0,86.0,71.0
625.0,245.0,85.0,70.0
625.0,243.0,86.0,71.0
627.0,240.0,85.0,68.0
627.0,237.0,87.0,68.0
627.0,235.0,87.0,68.0
627.0,233.0,88.0,68.0
627.0,233.0,90.0,69.0
627.0,234.0,89.0,68.0
628.0,235.0,88.0,69.0
630.0,236.0,87.0,69.0
632.0,237.0,87.0,70.0
634.0,239.0,88.0,68.0
636.0,241.0,88.0,66.0
635.0,240.0,91.0,68.0
635.0,239.0,91.0,67.0
633.0,237.0,91.0,67.0
630.0,236.0,92.0,66.0
627.0,235.0,92.0,66.0
623.0,234.0,92.0,64.0
619.0,232.0,94.0,66.0
620.0,233.0,89.0,62.0
616.0,231.0,93.0,65.0
614.0,232.0,92.0,66.0
608.0,231.0,94.0,66.0
608.0,232.0,93.0,68.0
608.0,232.0,93.0,68.0
609.0,233.0,91.0,67.0
608.0,233.0,93.0,68.0
609.0,234.0,91.0,67.0
609.0,234.0,91.0,67.0
607.0,234.0,89.0,68.0
605.0,234.0,88.0,68.0
603.0,234.0,87.0,69.0
601.0,234.0,88.0,70.0
599.0,234.0,88.0,70.0
599.0,234.0,88.0,70.0
598.0,234.0,89.0,71.0
599.0,233.0,89.0,71.0
600.0,235.0,90.0,72.0
603.0,233.0,89.0,73.0
603.0,232.0,91.0,74.0
606.0,231.0,89.0,75.0
607.0,230.0,91.0,78.0
608.0,230.0,91.0,78.0
610.0,232.0,91.0,73.0
610.0,232.0,90.0,76.0
611.0,233.0,89.0,75.0
610.0,233.0,90.0,75.0
611.0,234.0,88.0,73.0
610.0,235.0,89.0,69.0
608.0,234.0,92.0,70.0
608.0,234.0,92.0,69.0
608.0,233.0,92.0,68.0
608.0,232.0,92.0,69.0
607.0,232.0,90.0,68.0
605.0,232.0,90.0,67.0
603.0,234.0,90.0,67.0
603.0,234.0,86.0,70.0
601.0,234.0,85.0,71.0
596.0,234.0,84.0,74.0
593.0,235.0,82.0,76.0
588.0,236.0,82.0,78.0
585.0,238.0,78.0,79.0
581.0,238.0,74.0,83.0
576.0,238.0,77.0,86.0
575.0,240.0,75.0,87.0
574.0,241.0,71.0,86.0
572.0,240.0,68.0,88.0
571.0,238.0,68.0,89.0
570.0,234.0,69.0,89.0
570.0,229.0,69.0,89.0
570.0,225.0,73.0,86.0
572.0,219.0,76.0,86.0
576.0,214.0,79.0,83.0
579.0,209.0,87.0,81.0
582.0,206.0,90.0,79.0
585.0,205.0,90.0,77.0
586.0,203.0,91.0,74.0
587.0,204.0,90.0,72.0
588.0,203.0,89.0,76.0
588.0,204.0,88.0,76.0
590.0,205.0,84.0,74.0
589.0,206.0,84.0,78.0
590.0,209.0,83.0,78.0
589.0,210.0,85.0,80.0
591.0,210.0,82.0,82.0
591.0,210.0,83.0,82.0
592.0,210.0,82.0,80.0
592.0,209.0,82.0,80.0
592.0,208.0,81.0,79.0
593.0,207.0,81.0,80.0
595.0,207.0,80.0,80.0
595.0,207.0,82.0,77.0
595.0,207.0,83.0,79.0
595.0,205.0,86.0,80.0
594.0,206.0,87.0,80.0
593.0,206.0,87.0,79.0
593.0,206.0,86.0,80.0
593.0,207.0,86.0,80.0
591.0,206.0,88.0,81.0
591.0,207.0,88.0,80.0
590.0,208.0,88.0,79.0
590.0,208.0,85.0,78.0
587.0,207.0,87.0,78.0
586.0,208.0,88.0,79.0
585.0,208.0,88.0,77.0
584.0,208.0,89.0,78.0
585.0,208.0,88.0,78.0
586.0,207.0,88.0,78.0
584.0,207.0,89.0,78.0
584.0,207.0,90.0,77.0
584.0,208.0,89.0,78.0
584.0,209.0,89.0,80.0
583.0,210.0,81.0,81.0
582.0,210.0,82.0,82.0
580.0,210.0,80.0,85.0
578.0,211.0,78.0,85.0
578.0,212.0,76.0,86.0
576.0,214.0,69.0,85.0
575.0,218.0,71.0,86.0
575.0,224.0,62.0,85.0
574.0,228.0,56.0,88.0
575.0,237.0,50.0,88.0
576.0,246.0,42.0,88.0
578.0,255.0,39.0,90.0
576.0,267.0,44.0,89.0
577.0,280.0,48.0,85.0
575.0,294.0,57.0,79.0
571.0,311.0,69.0,67.0
574.0,325.0,75.0,57.0
573.0,336.0,79.0,49.0
574.0,345.0,85.0,41.0
573.0,350.0,87.0,39.0
573.0,353.0,89.0,38.0
575.0,357.0,89.0,36.0
577.0,360.0,89.0,36.0
579.0,364.0,88.0,35.0
582.0,368.0,86.0,33.0
586.0,372.0,88.0,30.0
590.0,375.0,86.0,29.0
591.0,379.0,86.0,27.0
593.0,381.0,89.0,26.0
596.0,384.0,92.0,25.0
599.0,386.0,92.0,24.0
603.0,387.0,92.0,23.0
606.0,385.0,92.0,25.0
608.0,384.0,91.0,26.0
608.0,381.0,91.0,27.0
610.0,378.0,89.0,29.0
613.0,373.0,88.0,30.0
616.0,367.0,85.0,31.0
616.0,361.0,86.0,31.0
616.0,353.0,87.0,33.0
616.0,347.0,89.0,33.0
616.0,340.0,89.0,33.0
617.0,336.0,88.0,31.0
618.0,332.0,89.0,31.0
618.0,331.0,89.0,31.0
618.0,331.0,90.0,30.0
617.0,332.0,91.0,30.0
617.0,332.0,92.0,29.0
617.0,334.0,91.0,27.0
618.0,334.0,91.0,28.0
616.0,335.0,91.0,28.0
615.0,336.0,88.0,27.0
613.0,337.0,89.0,26.0
613.0,337.0,87.0,27.0
613.0,336.0,85.0,27.0
609.0,337.0,87.0,26.0
607.0,337.0,88.0,26.0
607.0,335.0,88.0,27.0
605.0,333.0,88.0,29.0
605.0,331.0,88.0,30.0
603.0,331.0,89.0,29.0
601.0,330.0,89.0,28.0
600.0,328.0,89.0,30.0
597.0,326.0,92.0,32.0
598.0,325.0,90.0,32.0
597.0,326.0,90.0,31.0
597.0,326.0,90.0,31.0
598.0,326.0,88.0,30.0
597.0,325.0,89.0,31.0
597.0,325.0,90.0,31.0
597.0,326.0,91.0,30.0
601.0,327.0,85.0,30.0
596.0,329.0,90.0,27.0
596.0,329.0,91.0,28.0
598.0,330.0,89.0,27.0
601.0,330.0,86.0,27.0
602.0,330.0,87.0,27.0
602.0,330.0,87.0,26.0
602.0,330.0,86.0,26.0
602.0,327.0,91.0,27.0
604.0,326.0,89.0,28.0
604.0,325.0,90.0,29.0
605.0,323.0,88.0,31.0
605.0,323.0,88.0,30.0
606.0,323.0,86.0,31.0
606.0,323.0,86.0,31.0
607.0,322.0,86.0,32.0
608.0,323.0,85.0,31.0
607.0,322.0,89.0,34.0
607.0,323.0,88.0,31.0
606.0,323.0,90.0,31.0
606.0,321.0,91.0,34.0
606.0,325.0,90.0,30.0
608.0,328.0,87.0,27.0
609.0,328.0,88.0,27.0
609.0,327.0,91.0,27.0
609.0,327.0,91.0,28.0
611.0,326.0,91.0,28.0
612.0,327.0,91.0,27.0
613.0,329.0,90.0,26.0
614.0,330.0,88.0,24.0
611.0,330.0,90.0,23.0
609.0,330.0,92.0,23.0
609.0,331.0,90.0,22.0
609.0,330.0,90.0,23.0
608.0,330.0,89.0,23.0
607.0,328.0,89.0,24.0
605.0,328.0,90.0,24.0
605.0,328.0,90.0,25.0
603.0,327.0,90.0,25.0
601.0,326.0,91.0,24.0
599.0,325.0,89.0,24.0
595.0,323.0,90.0,22.0
592.0,313.0,90.0,24.0
588.0,305.0,88.0,23.0
580.0,298.0,91.0,22.0
575.0,291.0,90.0,23.0
570.0,286.0,90.0,22.0
566.0,284.0,92.0,21.0
562.0,281.0,93.0,21.0
559.0,279.0,91.0,22.0
556.0,280.0,85.0,21.0
554.0,279.0,90.0,21.0
553.0,278.0,90.0,22.0
552.0,280.0,90.0,20.0
551.0,279.0,90.0,21.0
551.0,279.0,88.0,21.0
549.0,280.0,88.0,21.0
548.0,280.0,87.0,21.0
550.0,281.0,85.0,20.0
550.0,281.0,86.0,20.0
551.0,280.0,88.0,21.0
552.0,280.0,89.0,21.0
556.0,280.0,86.0,21.0
559.0,280.0,86.0,21.0
562.0,281.0,84.0,22.0
566.0,282.0,85.0,22.0
568.0,283.0,85.0,21.0
569.0,284.0,87.0,20.0
571.0,283.0,87.0,21.0
573.0,282.0,88.0,20.0
575.0,283.0,85.0,19.0
573.0,282.0,88.0,19.0
572.0,281.0,90.0,20.0
572.0,282.0,91.0,20.0
571.0,282.0,91.0,21.0
571.0,283.0,90.0,19.0
571.0,284.0,90.0,19.0
570.0,285.0,90.0,20.0
569.0,284.0,89.0,20.0
565.0,283.0,91.0,19.0
567.0,281.0,87.0,19.0
562.0,277.0,91.0,24.0
561.0,276.0,88.0,24.0
556.0,272.0,89.0,26.0
554.0,270.0,88.0,25.0
552.0,267.0,88.0,26.0
552.0,266.0,88.0,24.0
553.0,267.0,88.0,24.0
556.0,268.0,84.0,23.0
559.0,268.0,91.0,22.0
563.0,268.0,90.0,23.0
567.0,266.0,91.0,25.0
569.0,266.0,93.0,25.0
572.0,266.0,91.0,25.0
573.0,267.0,91.0,24.0
572.0,267.0,92.0,27.0
572.0,267.0,93.0,25.0
571.0,265.0,92.0,28.0
570.0,263.0,92.0,27.0
569.0,260.0,93.0,29.0
567.0,262.0,92.0,27.0
568.0,263.0,91.0,27.0
568.0,265.0,91.0,25.0
568.0,265.0,89.0,26.0
569.0,267.0,88.0,26.0
570.0,267.0,88.0,25.0
572.0,266.0,88.0,26.0
572.0,267.0,87.0,25.0
573.0,266.0,86.0,25.0
574.0,266.0,86.0,26.0
572.0,264.0,86.0,25.0
572.0,262.0,86.0,28.0
573.0,259.0,85.0,30.0
576.0,261.0,79.0,27.0
574.0,257.0,79.0,31.0
571.0,253.0,81.0,34.0
569.0,252.0,82.0,34.0
568.0,251.0,83.0,35.0
567.0,252.0,82.0,35.0
567.0,252.0,82.0,35.0
567.0,252.0,80.0,35.0
560.0,251.0,86.0,36.0
559.0,249.0,86.0,37.0
557.0,247.0,87.0,38.0
556.0,244.0,85.0,40.0
556.0,241.0,83.0,44.0
555.0,240.0,79.0,44.0
555.0,241.0,80.0,45.0
555.0,241.0,79.0,49.0
555.0,241.0,80.0,49.0
554.0,240.0,84.0,50.0
554.0,239.0,85.0,50.0
555.0,237.0,86.0,51.0
554.0,237.0,88.0,50.0
554.0,238.0,89.0,51.0
555.0,239.0,89.0,51.0
556.0,238.0,89.0,52.0
557.0,237.0,89.0,53.0
559.0,237.0,86.0,56.0
559.0,237.0,87.0,57.0
561.0,239.0,85.0,60.0
564.0,244.0,82.0,63.0
563.0,248.0,81.0,64.0
565.0,251.0,79.0,64.0
566.0,251.0,80.0,67.0
566.0,254.0,81.0,67.0
567.0,261.0,82.0,63.0
569.0,263.0,81.0,64.0
569.0,262.0,83.0,65.0
568.0,260.0,83.0,68.0
565.0,259.0,80.0,67.0
562.0,259.0,79.0,67.0
560.0,260.0,74.0,70.0
559.0,259.0,76.0,71.0
557.0,260.0,68.0,70.0
557.0,262.0,66.0,71.0
554.0,265.0,65.0,69.0
552.0,271.0,65.0,68.0
550.0,275.0,65.0,69.0
549.0,280.0,65.0,66.0
550.0,282.0,62.0,65.0
549.0,284.0,62.0,66.0
547.0,284.0,62.0,67.0
545.0,286.0,61.0,70.0
542.0,287.0,61.0,72.0
539.0,291.0,64.0,73.0
539.0,293.0,63.0,75.0
538.0,297.0,65.0,75.0
538.0,296.0,68.0,77.0
540.0,298.0,72.0,79.0
544.0,300.0,71.0,79.0
549.0,301.0,73.0,80.0
553.0,300.0,73.0,80.0
557.0,300.0,72.0,79.0
563.0,300.0,61.0,78.0
568.0,301.0,26.0,76.0
0
0
0
649.0,300.0,31.0,76.0
648.0,302.0,40.0,66.0
649.0,296.0,40.0,68.0
648.0,292.0,44.0,71.0
623.0,289.0,73.0,77.0
625.0,290.0,70.0,70.0
625.0,289.0,72.0,72.0
624.0,292.0,74.0,70.0
634.0,294.0,66.0,67.0
639.0,294.0,65.0,70.0
641.0,295.0,64.0,69.0
640.0,297.0,68.0,68.0
638.0,299.0,68.0,64.0
640.0,301.0,65.0,65.0
636.0,302.0,71.0,64.0
631.0,304.0,76.0,62.0
625.0,304.0,81.0,61.0
624.0,305.0,79.0,60.0
616.0,305.0,83.0,58.0
611.0,305.0,86.0,59.0
605.0,304.0,88.0,61.0
600.0,303.0,90.0,61.0
599.0,304.0,85.0,60.0
595.0,301.0,86.0,62.0
584.0,293.0,90.0,67.0
579.0,287.0,85.0,73.0
577.0,283.0,80.0,76.0
574.0,279.0,69.0,79.0
574.0,275.0,61.0,81.0
573.0,272.0,57.0,82.0
573.0,268.0,48.0,84.0
574.0,264.0,42.0,84.0
575.0,259.0,35.0,84.0
576.0,256.0,31.0,85.0
576.0,253.0,31.0,84.0
575.0,247.0,32.0,87.0
575.0,243.0,34.0,86.0
573.0,237.0,38.0,86.0
572.0,231.0,42.0,89.0
570.0,225.0,47.0,88.0
570.0,219.0,51.0,89.0
568.0,213.0,56.0,87.0
566.0,208.0,61.0,84.0
566.0,203.0,64.0,85.0
566.0,201.0,66.0,81.0
566.0,198.0,69.0,78.0
566.0,195.0,70.0,78.0
566.0,194.0,71.0,75.0
565.0,192.0,71.0,74.0
565.0,192.0,71.0,73.0
565.0,192.0,71.0,73.0
564.0,189.0,72.0,73.0
562.0,187.0,72.0,73.0
561.0,183.0,72.0,74.0
556.0,178.0,75.0,76.0
555.0,175.0,76.0,75.0
553.0,170.0,76.0,76.0
549.0,166.0,79.0,78.0
546.0,162.0,77.0,79.0
539.0,158.0,82.0,84.0
541.0,154.0,76.0,80.0
538.0,150.0,76.0,81.0
531.0,144.0,78.0,84.0
526.0,139.0,80.0,86.0
521.0,134.0,82.0,86.0
517.0,135.0,84.0,83.0
520.0,133.0,78.0,82.0
522.0,135.0,74.0,79.0
524.0,140.0,72.0,77.0
530.0,147.0,69.0,72.0
535.0,156.0,70.0,69.0
541.0,163.0,68.0,68.0
546.0,171.0,65.0,67.0
551.0,176.0,63.0,68.0
554.0,180.0,61.0,71.0
555.0,183.0,60.0,72.0
556.0,185.0,57.0,72.0
557.0,185.0,55.0,74.0
554.0,183.0,53.0,74.0
549.0,178.0,51.0,76.0
541.0,171.0,51.0,78.0
536.0,163.0,45.0,80.0
525.0,155.0,50.0,81.0
516.0,150.0,52.0,81.0
510.0,145.0,55.0,80.0
507.0,144.0,58.0,79.0
508.0,144.0,58.0,77.0
510.0,144.0,58.0,75.0
510.0,146.0,65.0,71.0
514.0,149.0,68.0,66.0
519.0,153.0,72.0,61.0
525.0,158.0,77.0,57.0
533.0,162.0,79.0,54.0
541.0,165.0,84.0,54.0
550.0,168.0,88.0,56.0
561.0,171.0,90.0,57.0
574.0,175.0,91.0,57.0
587.0,178.0,91.0,58.0
601.0,183.0,91.0,58.0
612.0,185.0,91.0,61.0
626.0,185.0,91.0,65.0
637.0,182.0,91.0,68.0
651.0,178.0,84.0,66.0
661.0,174.0,80.0,63.0
671.0,167.0,79.0,61.0
679.0,162.0,79.0,57.0
687.0,155.0,78.0,57.0
692.0,150.0,79.0,56.0
699.0,144.0,77.0,58.0
702.0,141.0,78.0,58.0
705.0,141.0,77.0,59.0
707.0,142.0,76.0,60.0
707.0,145.0,77.0,60.0
706.0,150.0,78.0,59.0
703.0,157.0,80.0,58.0
700.0,165.0,81.0,57.0
698.0,174.0,80.0,59.0
697.0,183.0,77.0,60.0
696.0,192.0,74.0,63.0
696.0,197.0,71.0,68.0
698.0,200.0,66.0,71.0
703.0,200.0,62.0,74.0
707.0,196.0,61.0,78.0
712.0,192.0,62.0,80.0
717.0,185.0,64.0,82.0
721.0,177.0,67.0,85.0
726.0,171.0,67.0,86.0
729.0,163.0,69.0,88.0
733.0,158.0,67.0,87.0
735.0,154.0,68.0,88.0
738.0,152.0,66.0,85.0
738.0,152.0,66.0,81.0
738.0,155.0,66.0,77.0
736.0,159.0,65.0,75.0
734.0,164.0,64.0,73.0
730.0,171.0,64.0,73.0
726.0,177.0,64.0,76.0
722.0,185.0,63.0,79.0
717.0,192.0,64.0,82.0
715.0,200.0,61.0,85.0
716.0,207.0,55.0,88.0
716.0,215.0,52.0,90.0
716.0,224.0,49.0,88.0
716.0,232.0,45.0,87.0
716.0,237.0,44.0,90.0
716.0,242.0,42.0,90.0
715.0,246.0,44.0,92.0
715.0,248.0,43.0,94.0
716.0,254.0,41.0,92.0
717.0,258.0,39.0,92.0
716.0,264.0,42.0,90.0
717.0,270.0,40.0,85.0
718.0,272.0,39.0,87.0
717.0,278.0,39.0,84.0
715.0,279.0,39.0,85.0
710.0,281.0,42.0,86.0
704.0,284.0,45.0,83.0
699.0,287.0,51.0,83.0
695.0,291.0,54.0,82.0
692.0,295.0,57.0,79.0
685.0,300.0,62.0,76.0
678.0,303.0,66.0,74.0
669.0,305.0,72.0,72.0
654.0,306.0,81.0,70.0
646.0,308.0,82.0,69.0
633.0,310.0,87.0,67.0
621.0,314.0,88.0,64.0
609.0,314.0,89.0,67.0
599.0,312.0,88.0,69.0
591.0,307.0,85.0,70.0
584.0,300.0,77.0,74.0
578.0,291.0,69.0,80.0
575.0,282.0,58.0,82.0
573.0,273.0,46.0,86.0
573.0,264.0,33.0,90.0
571.0,256.0,26.0,91.0
568.0,252.0,24.0,88.0
567.0,247.0,25.0,87.0
566.0,239.0,25.0,89.0
565.0,232.0,28.0,91.0
566.0,226.0,29.0,91.0
567.0,222.0,33.0,85.0
569.0,218.0,36.0,84.0
567.0,210.0,46.0,84.0
566.0,205.0,54.0,82.0
567.0,202.0,61.0,79.0
571.0,196.0,64.0,77.0
573.0,189.0,68.0,77.0
576.0,185.0,70.0,76.0
579.0,181.0,75.0,77.0
581.0,180.0,78.0,74.0
583.0,182.0,81.0,71.0
584.0,184.0,81.0,68.0
587.0,185.0,82.0,68.0
589.0,183.0,82.0,70.0
591.0,181.0,80.0,74.0
593.0,179.0,80.0,75.0
594.0,179.0,80.0,74.0
594.0,178.0,81.0,74.0
594.0,179.0,83.0,74.0
596.0,180.0,83.0,74.0
596.0,181.0,85.0,77.0
598.0,181.0,84.0,77.0
598.0,178.0,85.0,77.0
598.0,177.0,84.0,75.0
599.0,177.0,84.0,73.0
598.0,177.0,84.0,71.0
598.0,176.0,84.0,74.0
598.0,178.0,83.0,72.0
599.0,180.0,81.0,73.0
600.0,180.0,80.0,76.0
601.0,183.0,78.0,75.0
601.0,182.0,80.0,79.0
603.0,182.0,78.0,81.0
604.0,180.0,77.0,81.0
604.0,180.0,78.0,80.0
605.0,179.0,78.0,81.0
604.0,180.0,80.0,79.0
604.0,180.0,81.0,79.0
605.0,179.0,80.0,81.0
606.0,179.0,80.0,79.0
605.0,177.0,81.0,79.0
605.0,176.0,81.0,78.0
604.0,176.0,81.0,76.0
604.0,177.0,80.0,74.0
602.0,178.0,77.0,72.0
600.0,179.0,77.0,70.0
600.0,179.0,77.0,70.0
594.0,179.0,73.0,73.0
593.0,178.0,68.0,75.0
591.0,179.0,66.0,76.0
588.0,182.0,65.0,75.0
589.0,185.0,59.0,74.0
589.0,188.0,57.0,73.0
589.0,192.0,54.0,74.0
589.0,194.0,53.0,76.0
590.0,197.0,51.0,77.0
590.0,199.0,50.0,78.0
591.0,200.0,49.0,79.0
591.0,201.0,49.0,80.0
590.0,202.0,49.0,80.0
589.0,202.0,50.0,79.0
588.0,202.0,50.0,78.0
586.0,201.0,51.0,77.0
582.0,198.0,54.0,77.0
576.0,193.0,58.0,78.0
570.0,186.0,61.0,82.0
563.0,180.0,65.0,84.0
556.0,176.0,69.0,86.0
550.0,172.0,72.0,89.0
547.0,170.0,72.0,89.0
547.0,170.0,70.0,89.0
547.0,171.0,68.0,89.0
553.0,172.0,62.0,88.0
559.0,174.0,59.0,88.0
564.0,176.0,58.0,88.0
569.0,179.0,60.0,85.0
573.0,183.0,63.0,82.0
578.0,187.0,66.0,80.0
583.0,192.0,67.0,77.0
588.0,196.0,67.0,75.0
593.0,201.0,65.0,72.0
594.0,202.0,66.0,72.0
594.0,200.0,65.0,73.0
591.0,196.0,65.0,74.0
585.0,190.0,65.0,75.0
580.0,184.0,65.0,77.0
572.0,178.0,67.0,77.0
565.0,173.0,69.0,78.0
560.0,172.0,71.0,77.0
556.0,169.0,71.0,78.0
554.0,168.0,70.0,81.0
554.0,168.0,69.0,82.0
556.0,170.0,66.0,82.0
558.0,172.0,66.0,82.0
561.0,175.0,67.0,79.0
567.0,178.0,67.0,78.0
569.0,180.0,70.0,73.0
575.0,182.0,70.0,71.0
582.0,185.0,69.0,68.0
589.0,187.0,68.0,67.0
596.0,189.0,68.0,66.0
602.0,191.0,71.0,64.0
609.0,192.0,71.0,64.0
617.0,190.0,69.0,66.0
620.0,190.0,79.0,64.0
626.0,190.0,86.0,64.0
637.0,192.0,87.0,63.0
645.0,193.0,89.0,62.0
655.0,193.0,92.0,59.0
663.0,190.0,97.0,57.0
672.0,187.0,96.0,53.0
684.0,181.0,93.0,48.0
693.0,173.0,92.0,44.0
703.0,167.0,90.0,40.0
711.0,162.0,90.0,37.0
714.0,159.0,91.0,34.0
716.0,157.0,91.0,35.0
716.0,157.0,92.0,35.0
716.0,158.0,90.0,37.0
715.0,163.0,89.0,37.0
713.0,169.0,88.0,38.0
713.0,176.0,87.0,40.0
710.0,184.0,85.0,43.0
708.0,191.0,84.0,47.0
706.0,197.0,82.0,52.0
704.0,202.0,79.0,57.0
703.0,206.0,76.0,58.0
704.0,208.0,76.0,57.0
707.0,205.0,76.0,57.0
712.0,198.0,77.0,58.0
717.0,190.0,76.0,58.0
722.0,183.0,79.0,55.0
727.0,176.0,81.0,50.0
731.0,168.0,85.0,48.0
735.0,165.0,87.0,42.0
736.0,159.0,89.0,44.0
738.0,156.0,88.0,47.0
739.0,156.0,86.0,50.0
739.0,157.0,88.0,55.0
740.0,160.0,83.0,61.0
739.0,164.0,81.0,66.0
738.0,172.0,80.0,68.0
736.0,180.0,78.0,70.0
736.0,189.0,75.0,72.0
736.0,198.0,72.0,75.0
738.0,207.0,67.0,81.0
741.0,215.0,61.0,85.0
739.0,223.0,63.0,87.0
739.0,230.0,61.0,89.0
738.0,237.0,60.0,87.0
739.0,242.0,57.0,89.0
742.0,248.0,51.0,86.0
744.0,250.0,48.0,87.0
749.0,253.0,42.0,87.0
752.0,257.0,37.0,89.0
754.0,261.0,34.0,90.0
753.0,265.0,33.0,91.0
753.0,270.0,31.0,90.0
748.0,274.0,33.0,89.0
738.0,278.0,39.0,87.0
726.0,281.0,48.0,87.0
716.0,287.0,55.0,83.0
709.0,292.0,62.0,83.0
694.0,297.0,73.0,80.0
689.0,302.0,75.0,75.0
685.0,303.0,77.0,74.0
675.0,303.0,82.0,74.0
664.0,302.0,87.0,76.0
648.0,299.0,94.0,75.0
637.0,299.0,96.0,75.0
627.0,296.0,97.0,80.0
619.0,294.0,90.0,83.0
613.0,291.0,76.0,85.0
608.0,286.0,74.0,83.0
603.0,281.0,60.0,84.0
606.0,272.0,45.0,88.0
605.0,264.0,34.0,88.0
604.0,254.0,29.0,90.0
604.0,245.0,30.0,87.0
604.0,235.0,35.0,87.0
603.0,223.0,42.0,87.0
603.0,213.0,50.0,86.0
606.0,205.0,58.0,82.0
607.0,195.0,66.0,81.0
613.0,189.0,70.0,79.0
617.0,185.0,83.0,74.0
621.0,185.0,85.0,68.0
628.0,183.0,87.0,67.0
635.0,183.0,87.0,68.0
640.0,184.0,89.0,67.0
644.0,183.0,91.0,70.0
646.0,181.0,92.0,70.0
643.0,180.0,93.0,71.0
641.0,180.0,93.0,72.0
640.0,180.0,90.0,73.0
640.0,182.0,87.0,73.0
639.0,184.0,86.0,67.0
638.0,184.0,88.0,68.0
637.0,186.0,90.0,68.0
638.0,184.0,89.0,73.0
637.0,181.0,89.0,68.0
636.0,181.0,90.0,65.0
635.0,180.0,90.0,64.0
636.0,182.0,89.0,61.0
635.0,182.0,90.0,62.0
636.0,183.0,89.0,62.0
636.0,182.0,92.0,62.0
637.0,180.0,91.0,62.0
637.0,179.0,90.0,63.0
636.0,178.0,91.0,64.0
634.0,179.0,91.0,63.0
633.0,181.0,90.0,64.0
631.0,183.0,89.0,65.0
630.0,184.0,88.0,67.0
631.0,184.0,87.0,71.0
630.0,183.0,88.0,74.0
632.0,182.0,85.0,76.0
632.0,182.0,85.0,74.0
632.0,181.0,87.0,74.0
634.0,181.0,86.0,74.0
638.0,183.0,84.0,71.0
638.0,183.0,85.0,72.0
638.0,183.0,85.0,70.0
637.0,180.0,85.0,70.0
637.0,179.0,84.0,69.0
637.0,179.0,84.0,67.0
637.0,179.0,82.0,67.0
638.0,179.0,79.0,66.0
638.0,180.0,78.0,67.0
640.0,181.0,74.0,66.0
642.0,180.0,71.0,68.0
643.0,180.0,69.0,68.0
645.0,179.0,65.0,70.0
646.0,180.0,64.0,70.0
646.0,180.0,64.0,71.0
648.0,181.0,61.0,72.0
648.0,181.0,61.0,73.0
648.0,182.0,61.0,71.0
649.0,182.0,61.0,70.0
651.0,181.0,61.0,71.0
654.0,182.0,60.0,70.0
657.0,183.0,59.0,70.0
661.0,183.0,56.0,71.0
666.0,182.0,54.0,75.0
672.0,180.0,51.0,75.0
677.0,178.0,51.0,73.0
681.0,176.0,54.0,71.0
686.0,175.0,56.0,71.0
690.0,175.0,59.0,70.0
695.0,177.0,60.0,70.0
700.0,178.0,60.0,71.0
704.0,177.0,62.0,77.0
708.0,177.0,60.0,79.0
713.0,175.0,61.0,80.0
716.0,175.0,64.0,78.0
718.0,175.0,67.0,77.0
722.0,174.0,68.0,77.0
724.0,174.0,70.0,76.0
727.0,176.0,71.0,75.0
731.0,178.0,71.0,75.0
735.0,181.0,69.0,73.0
740.0,180.0,66.0,75.0
747.0,180.0,62.0,72.0
753.0,177.0,61.0,73.0
760.0,175.0,60.0,72.0
769.0,175.0,60.0,68.0
777.0,174.0,61.0,68.0
787.0,177.0,61.0,66.0
798.0,177.0,62.0,69.0
809.0,176.0,62.0,72.0
818.0,175.0,64.0,77.0
826.0,174.0,68.0,77.0
834.0,173.0,69.0,77.0
840.0,173.0,68.0,76.0
845.0,176.0,69.0,74.0
848.0,178.0,70.0,72.0
851.0,185.0,68.0,67.0
853.0,189.0,67.0,69.0
855.0,194.0,62.0,70.0
856.0,199.0,55.0,70.0
860.0,200.0,45.0,70.0
862.0,200.0,41.0,70.0
864.0,202.0,39.0,66.0
865.0,202.0,41.0,64.0
867.0,204.0,45.0,61.0
869.0,207.0,49.0,58.0
875.0,209.0,50.0,59.0
880.0,210.0,51.0,62.0
887.0,211.0,49.0,64.0
893.0,211.0,49.0,65.0
898.0,210.0,51.0,65.0
903.0,211.0,53.0,64.0
909.0,211.0,54.0,62.0
914.0,212.0,57.0,59.0
919.0,214.0,60.0,59.0
922.0,216.0,59.0,58.0
928.0,221.0,57.0,58.0
933.0,224.0,56.0,59.0
940.0,226.0,51.0,61.0
946.0,226.0,50.0,61.0
950.0,226.0,49.0,61.0
956.0,226.0,49.0,57.0
961.0,223.0,50.0,58.0
966.0,224.0,51.0,55.0
971.0,225.0,55.0,53.0
977.0,229.0,58.0,51.0
982.0,233.0,63.0,48.0
989.0,232.0,64.0,50.0
994.0,232.0,71.0,50.0
1002.0,232.0,71.0,51.0
1011.0,233.0,72.0,50.0
1019.0,233.0,74.0,51.0
1030.0,236.0,72.0,50.0
1039.0,239.0,72.0,49.0
1048.0,243.0,71.0,47.0
1059.0,250.0,66.0,45.0
1066.0,254.0,65.0,49.0
1074.0,261.0,62.0,50.0
1080.0,267.0,59.0,54.0
1083.0,276.0,58.0,54.0
1086.0,287.0,55.0,55.0
1086.0,299.0,56.0,55.0
1088.0,309.0,53.0,58.0
1089.0,318.0,53.0,60.0
1089.0,328.0,51.0,62.0
1086.0,338.0,51.0,60.0
