m307,279,14,25,4,3,10,7,6,9,5,10,4,11,3,11,3,12,1,13,1,13,1,54,1,13,1,13,1,13,1,13,1,13,1,13,1,12,2,11,3,11,3,10,5,8,7,6,6
m298,282,14,24,7,3,10,5,8,7,6,9,4,11,2,12,2,12,1,13,1,13,1,13,1,13,1,13,1,13,1,13,1,54,2,12,2,12,2,11,3,10,5,8,7,4,7
m287,288,12,24,4,3,8,7,4,9,2,11,1,202,1,10,3,8,5,6,4
m271,280,13,27,5,5,7,7,5,9,4,9,3,10,3,11,1,12,1,12,1,12,1,167,1,11,2,10,4,9,5,7,7,5,5
m258,280,14,26,8,4,9,6,4,11,2,12,1,13,1,13,1,13,1,13,1,13,1,13,1,152,1,13,2,12,3,10,5,8,8,3,6
m249,286,12,27,4,4,7,6,5,8,4,9,2,10,2,10,2,11,1,11,1,11,1,11,1,11,1,143,1,10,2,10,3,8,5,6,3
m238,272,12,26,4,5,6,7,4,9,3,10,1,11,1,11,1,11,1,95,1,11,1,11,1,10,2,10,3,9,3,9,3,9,3,9,4,8,5,6,7,4,3
m232,260,12,27,4,3,8,6,5,8,3,10,1,11,1,11,1,11,1,11,1,11,1,11,1,108,1,11,1,10,2,10,3,9,3,9,3,9,4,7,6,5,3
m228,255,14,25,5,6,7,8,5,10,3,11,2,12,2,12,2,12,1,13,1,126,1,13,1,13,1,13,1,13,2,11,3,10,5,7,8,5,5
m221,235,11,27,5,3,7,5,5,7,3,8,2,9,1,219,2,8,4,6,3
m201,218,16,27,6,4,11,6,9,8,6,11,4,13,2,15,1,143,1,15,1,15,1,15,2,14,2,14,2,14,3,12,5,11,6,10,8,7,10,5,12,3,5
m187,216,17,25,6,9,6,12,4,14,2,15,2,15,1,16,1,169,1,16,2,15,3,14,3,14,4,13,5,12,6,10,8,8,12,4,3
m179,202,18,26,7,4,12,8,8,12,5,14,3,16,2,179,1,16,2,16,2,16,3,15,3,15,4,13,5,13,5,13,6,11,8,9,11,6,5
m175,187,19,28,7,4,13,7,11,12,6,14,4,16,2,17,2,17,1,18,1,18,1,18,1,18,1,38,1,18,2,17,2,17,3,16,3,15,4,15,4,15,4,15,5,14,5,14,5,13,6,13,7,11,9,9,11,6,6
m177,187,16,27,4,9,6,11,4,13,2,14,2,222,2,14,2,14,2,14,3,13,3,12,4,11,6,10,7,8,9,6,5
m181,186,16,28,4,8,7,10,5,12,3,14,1,15,1,15,1,15,1,223,2,14,2,14,3,12,5,10,7,9,8,7,10,5,5
m183,186,18,27,8,4,13,6,8,12,5,14,3,16,2,16,2,17,1,143,1,17,1,16,2,16,2,15,4,14,4,14,4,14,5,13,5,12,6,11,8,9,10,7,6
m195,199,18,26,6,7,10,9,8,11,6,13,5,13,4,14,3,16,2,16,1,143,1,17,2,16,2,16,2,16,2,16,3,14,4,13,6,11,8,9,10,7,6
m217,199,16,29,5,4,11,6,9,10,6,11,4,13,2,14,2,14,2,14,2,14,1,143,1,15,2,14,2,14,3,13,3,13,3,13,4,11,5,11,6,10,7,8,9,6,4
m242,197,15,29,5,4,10,8,6,10,4,12,2,13,2,208,1,14,2,13,2,13,2,13,3,11,4,10,6,9,6,8,8,6,10,4,6
m266,203,13,29,4,3,9,7,5,9,4,10,3,10,2,11,2,11,1,12,1,143,1,12,1,12,1,12,1,12,1,11,2,11,3,10,4,8,6,6,9,3,4
m284,202,13,28,4,3,9,5,7,9,3,11,2,12,1,245,2,10,3,9,5,7,7,5,5
m299,197,12,29,3,4,7,6,5,8,4,8,4,9,3,10,2,167,1,11,1,10,2,10,2,10,2,10,3,8,4,8,5,6,7,4,4
m314,201,13,26,4,3,9,5,7,8,5,9,4,10,2,11,1,12,1,12,1,12,1,12,1,104,1,12,1,12,1,12,1,11,3,10,3,10,4,8,6,6,3
m327,200,13,28,3,3,9,5,7,7,5,9,4,10,3,11,2,11,2,12,1,12,1,12,1,12,1,12,1,12,1,12,1,12,1,12,1,26,1,12,1,12,1,12,2,11,2,11,2,11,3,10,3,9,5,7,7,5,3
m336,198,12,26,3,6,5,8,3,10,2,10,2,11,1,167,1,11,1,11,1,10,2,10,3,9,4,7,6,5,3
m348,202,11,25,5,3,5,7,3,9,1,10,1,10,1,132,1,10,1,10,1,9,2,9,2,9,3,7,5,5,7,3,4
m356,200,12,28,4,5,6,7,4,9,2,11,1,11,1,11,1,11,1,11,1,166,1,11,1,11,2,9,4,7,6,5,8,3,5
m358,193,12,28,4,5,6,7,4,9,3,9,3,10,2,10,1,190,1,11,2,9,3,9,4,8,5,6,7,4,4
m364,196,12,29,2,4,7,6,5,8,4,8,4,8,4,9,3,9,3,10,2,10,2,10,2,11,1,11,1,11,1,11,1,11,1,11,1,47,1,11,1,11,1,11,1,11,1,11,2,9,4,8,5,6,7,4,4
m370,201,11,28,3,3,7,5,5,7,4,7,4,7,4,8,2,9,2,10,1,10,1,154,1,9,2,9,2,9,3,7,5,5,3
m372,196,12,29,5,3,8,5,6,7,4,8,4,8,3,9,2,11,1,167,1,11,1,11,1,11,2,10,3,9,4,7,6,5,8,3,4
m377,200,12,28,4,3,8,5,6,7,4,8,4,9,2,10,2,11,1,11,1,11,1,24,1,11,1,11,1,11,1,11,1,11,1,11,1,11,1,11,1,11,2,10,2,10,2,10,2,9,3,9,4,8,5,6,7,4,3
m379,206,11,27,3,4,6,6,4,8,3,8,3,8,3,9,2,9,2,9,2,87,1,10,1,10,1,10,1,10,1,10,1,10,1,10,1,10,1,10,2,8,4,6,2
m379,202,12,27,6,3,8,5,6,7,5,7,4,8,3,10,1,11,1,11,1,11,1,11,1,11,1,70,1,11,1,11,2,10,2,10,3,9,3,9,4,8,4,8,5,6,7,4,3
m383,205,13,29,6,3,8,6,6,8,4,9,4,10,2,11,2,11,1,12,1,12,1,12,1,12,1,12,1,12,1,104,1,12,1,12,2,11,2,11,2,10,4,9,5,7,8,4,3
m388,211,10,27,3,4,5,6,3,8,2,9,1,9,1,9,1,179,1,8,3,6,5,4,3
m388,205,12,28,4,4,7,6,5,8,4,9,3,9,2,10,2,10,2,10,2,10,2,10,2,10,1,11,1,48,1,11,1,10,2,10,2,10,2,10,2,9,3,9,3,9,4,8,4,8,5,6,7,4,4
m389,207,12,27,5,4,6,7,4,9,2,10,1,59,1,11,1,11,1,11,1,11,1,11,1,11,1,11,1,11,1,11,1,11,1,11,2,9,3,9,3,9,4,8,5,7,6,5,8,3,4
m390,215,11,26,4,4,6,6,4,8,3,8,2,9,2,10,1,10,1,10,1,10,1,10,1,10,1,10,1,10,1,43,1,10,1,10,1,10,1,10,1,10,1,10,2,9,3,7,5,5,2
m388,205,12,27,4,5,6,7,4,9,3,10,2,10,1,11,1,11,1,10,1,72,1,11,1,11,1,11,1,11,1,11,1,11,2,10,2,10,3,8,4,8,4,7,6,5,8,3,4
m388,206,12,27,3,4,7,6,5,8,4,9,3,10,2,10,1,11,1,11,1,11,1,11,1,11,1,11,1,11,1,11,2,10,2,11,2,10,2,10,2,10,2,10,2,10,2,10,3,9,3,8,4,8,5,6,7,4,3
m388,212,11,27,3,3,7,5,5,7,4,8,3,8,2,10,1,10,1,10,1,10,1,10,1,10,1,54,2,9,2,9,2,9,2,9,2,9,2,10,2,9,2,9,2,9,3,7,5,5,2
m388,203,11,27,2,4,6,6,4,8,3,8,3,8,3,9,2,9,2,9,2,10,1,10,1,10,1,10,1,10,1,43,1,10,1,9,2,9,3,8,3,8,3,8,3,8,4,7,5,5,7,3,4
m391,203,10,26,4,3,6,5,4,7,3,7,2,8,2,9,1,99,1,9,1,9,1,9,1,9,2,8,2,8,2,8,2,8,3,6,5,4,2
m395,213,9,26,3,3,5,5,3,7,1,8,1,8,1,8,1,7,2,7,2,7,2,7,2,7,2,8,1,98,2,7,3,5,5,3,3
m386,206,14,28,7,4,9,6,7,8,5,9,4,10,3,12,1,13,1,54,1,13,1,13,1,13,1,13,1,13,1,13,2,12,2,12,3,11,3,10,4,10,4,10,4,10,5,8,6,7,8,5,10,3,6
m383,206,12,29,4,3,8,5,6,7,5,7,4,8,4,8,4,9,3,9,3,9,2,11,1,11,1,11,1,71,1,11,1,11,1,11,1,11,2,9,4,8,4,7,5,7,5,7,6,5,8,3,5
m375,215,15,27,6,5,8,8,6,10,4,11,4,11,3,13,1,60,1,14,1,14,1,14,1,14,1,14,2,13,2,13,2,12,3,12,3,12,3,12,4,11,4,11,5,10,6,9,7,7,9,5,3
m373,211,12,25,4,5,6,7,4,9,2,10,2,10,2,11,1,11,1,59,1,11,1,11,2,10,2,10,2,10,2,10,2,10,2,10,3,9,3,9,4,8,5,6,7,4,2
m371,208,12,26,6,3,7,6,5,8,3,9,3,9,2,10,2,11,1,11,1,71,1,11,1,11,1,11,1,11,1,11,2,10,2,10,2,9,3,9,4,8,5,6,8,3,3
m367,213,14,29,4,4,9,6,7,8,5,10,4,11,3,12,2,12,2,12,2,12,2,12,2,12,2,12,1,56,1,13,1,13,1,12,2,12,2,12,2,12,3,11,4,10,4,10,5,8,6,8,7,6,9,4,4
m359,210,13,27,5,5,7,7,5,9,3,10,2,11,2,11,2,11,2,12,1,12,1,12,1,12,1,12,1,51,1,12,1,12,1,12,1,11,2,11,3,10,4,9,4,9,5,8,6,6,8,4,3
m348,206,16,29,7,4,11,6,9,8,7,10,5,11,4,12,3,13,3,14,2,14,1,15,1,15,1,15,1,32,1,15,1,15,1,15,1,15,2,14,2,14,2,13,3,12,4,12,5,11,6,9,8,7,9,7,10,5,12,3,6
m340,214,17,29,5,5,11,7,9,10,6,12,4,14,3,14,2,16,1,16,1,16,1,16,1,16,1,118,1,16,1,16,1,16,2,15,2,14,3,14,4,12,6,11,7,9,9,7,12,3,7
m332,211,16,28,8,3,10,8,7,10,5,12,4,12,3,13,2,15,1,15,1,15,1,15,1,174,1,15,1,15,2,14,3,13,4,12,5,10,7,8,3
m328,205,14,31,5,4,9,6,7,8,5,9,5,9,4,11,3,12,1,153,1,28,1,13,1,13,1,13,2,11,3,11,3,11,3,10,5,9,6,7,8,5,10,3,5
m323,213,13,28,6,5,6,8,4,10,2,11,1,12,1,12,1,11,2,11,2,11,2,11,1,12,1,12,1,12,1,12,1,11,2,12,1,12,1,12,1,12,1,12,2,11,2,11,2,11,2,11,3,10,4,8,7,5,9,3,4
m315,212,13,27,4,4,8,7,5,9,4,10,2,11,2,11,2,50,1,12,1,12,1,12,1,12,1,12,1,12,1,39,1,12,1,12,2,11,3,10,3,10,4,9,5,7,7,5,2
m309,206,11,27,4,3,7,6,4,8,3,9,1,10,1,10,1,10,1,142,1,10,1,10,1,10,2,9,3,7,5,5,7,3,3
m305,211,12,26,4,3,8,5,6,7,5,7,4,9,2,11,1,11,1,11,1,11,1,11,1,11,1,95,1,11,1,11,2,10,3,8,4,8,5,6,7,4,4
m297,214,12,27,5,3,8,5,6,7,4,9,2,10,2,10,2,10,2,10,1,11,1,11,1,11,1,11,2,11,1,11,1,11,1,11,1,11,1,11,1,11,1,11,2,10,2,10,3,9,4,8,4,8,5,6,7,4,2
m295,206,10,26,2,4,5,6,3,8,2,8,2,9,1,9,1,9,1,9,1,9,1,89,1,9,1,9,1,9,1,9,1,9,1,8,3,6,5,4,4
m288,211,11,26,3,4,6,6,4,8,3,8,3,8,3,9,1,10,1,10,1,10,1,10,1,10,1,87,1,10,1,10,1,10,2,9,3,8,4,6,6,4,3
m278,213,11,26,5,4,6,6,4,8,3,8,3,8,2,8,2,9,1,10,1,9,2,9,2,9,2,10,1,22,1,53,2,9,2,9,2,9,3,8,3,8,4,6,6,4,3
m266,209,14,25,5,7,6,9,3,12,1,54,1,13,1,13,1,13,1,13,1,13,1,13,1,13,1,13,1,13,1,13,1,13,1,13,1,13,1,13,1,13,2,11,4,9,6,7,4
m262,214,11,26,4,4,6,6,4,8,3,9,1,31,1,10,1,10,1,10,1,10,1,10,1,10,1,10,1,10,1,10,1,10,1,10,1,10,1,10,2,9,2,9,2,9,2,8,4,6,6,4,4
m255,222,12,24,4,5,6,7,4,9,3,10,2,10,2,10,2,10,2,10,2,10,1,11,1,11,1,11,1,11,1,11,1,10,2,10,2,10,1,11,1,11,1,11,2,10,2,9,4,7,6,5,4
m252,216,13,25,5,4,8,6,6,8,5,8,4,10,2,11,2,11,2,11,2,11,1,77,1,12,1,12,1,12,1,12,1,11,2,11,2,11,3,10,4,8,7,5,4
m252,219,11,24,3,3,7,5,5,7,3,9,2,10,1,10,1,87,1,10,1,10,1,10,1,10,1,10,1,10,1,9,2,9,3,7,5,5,4
m247,224,12,28,4,4,7,6,5,8,4,8,3,9,3,10,2,11,1,11,1,11,1,11,1,11,1,11,1,11,1,119,1,11,2,10,3,9,4,7,6,5,2
m238,219,13,28,4,5,7,7,5,9,4,9,4,10,2,11,2,129,1,12,1,12,2,11,2,11,2,11,2,11,3,10,3,9,4,9,5,7,7,5,9,3,4
m233,225,14,26,3,8,5,10,3,12,1,167,1,13,1,13,1,13,1,13,1,13,2,11,3,11,3,11,4,9,6,7,8,5,5
m229,231,16,28,5,6,9,8,7,10,6,10,5,12,4,12,4,13,2,14,2,14,2,13,3,14,1,15,1,96,1,14,2,14,2,14,3,12,5,11,5,11,6,10,7,9,8,7,10,5,4
m230,223,12,29,5,3,8,5,6,7,4,9,3,10,1,94,1,48,1,11,1,11,1,11,2,10,2,10,2,10,2,10,3,8,4,8,5,7,6,5,8,3,3
m230,225,14,27,3,3,1,3,6,9,4,11,3,11,3,12,1,13,1,13,1,13,1,13,1,13,1,13,1,13,1,14,1,13,1,13,1,13,1,13,1,13,1,13,2,11,3,11,4,10,4,10,4,10,4,10,5,8,7,6,3
m230,229,11,27,4,3,7,5,5,7,4,8,2,9,2,9,2,9,2,9,2,9,1,10,1,10,1,10,1,77,1,10,1,10,1,10,1,10,2,9,3,8,4,6,7,3,2
m221,220,13,30,7,4,8,6,6,8,2,11,1,24,1,12,1,12,1,13,1,12,1,142,1,12,1,11,2,11,3,10,3,9,5,8,5,7,7,5,9,3,5
m218,216,16,19,3,4,11,6,9,10,6,11,4,13,3,14,2,15,1,15,1,15,1,15,1,119,9,2,14
m220,221,14,29,4,3,10,5,8,7,7,8,5,10,4,10,4,11,3,11,2,12,2,12,2,13,1,13,1,13,1,13,1,13,1,13,1,13,2,12,2,12,2,13,1,13,1,13,1,13,2,12,2,12,2,12,2,12,3,10,5,8,2
m223,216,13,28,2,6,6,8,4,10,3,10,3,11,2,11,2,12,1,52,1,12,1,12,1,12,1,12,1,12,1,12,1,12,1,12,1,12,2,11,2,11,2,11,3,10,3,10,4,9,5,7,7,5,2
m229,215,13,26,3,6,6,8,4,10,3,10,3,10,2,11,2,12,1,12,1,12,1,12,1,12,1,39,1,12,1,12,1,12,2,11,2,10,3,10,4,9,4,9,5,8,5,8,6,6,8,4,3
m230,223,13,28,3,5,7,7,5,9,3,10,3,11,2,12,1,12,1,12,1,12,1,12,1,12,1,12,1,12,2,12,1,12,2,11,2,11,2,11,2,11,2,11,2,11,3,10,3,10,4,9,4,9,4,8,6,6,8,4,3
m230,217,14,28,6,4,9,6,5,10,3,11,2,13,1,154,1,12,2,12,3,11,3,11,3,11,3,11,4,10,4,10,4,9,6,7,8,5,10,3,5
m229,212,12,27,3,3,8,8,3,10,1,180,1,11,1,11,2,10,2,10,2,9,3,9,4,8,5,6,7,4,3
m226,219,13,29,3,4,8,6,6,8,5,9,4,9,4,9,4,9,3,11,2,12,1,12,1,12,1,12,1,12,1,12,1,12,1,12,1,26,1,12,1,12,1,11,2,11,2,11,3,10,4,9,4,9,5,8,6,6,8,4,3
m225,213,12,28,2,6,5,8,3,10,2,11,1,11,1,11,1,11,1,11,1,11,1,11,1,11,2,10,2,10,2,11,1,11,1,11,1,11,1,11,1,11,1,11,1,11,1,11,1,11,2,10,2,10,3,8,5,6,7,4,3
m224,207,14,27,3,6,7,8,5,10,4,10,3,12,2,12,2,12,2,12,2,13,1,13,1,13,1,56,1,13,1,13,1,13,2,12,2,12,2,12,3,11,3,10,4,10,5,9,6,7,8,5,3
m225,210,14,28,5,5,8,7,6,9,4,11,3,11,2,12,2,13,1,69,1,13,1,13,1,13,1,13,1,13,1,13,1,13,1,13,2,12,3,11,3,11,3,11,4,10,5,8,7,6,9,4,3
m221,200,14,27,4,5,8,7,6,9,5,9,4,11,3,12,1,13,1,13,1,13,1,13,1,13,1,13,1,13,2,13,1,13,1,13,1,12,2,12,2,12,2,12,3,11,3,11,4,10,4,10,5,9,6,7,8,5,3
m222,194,13,28,3,6,6,8,4,10,2,11,2,11,2,11,2,12,1,12,1,12,1,12,1,78,1,12,1,12,1,12,1,12,2,11,2,11,2,11,3,9,4,9,5,8,6,6,8,4,3
m231,201,14,28,4,4,9,6,7,8,5,10,4,11,3,12,2,12,2,12,1,98,1,13,1,12,2,12,2,12,2,12,2,12,3,11,3,11,4,10,4,10,5,8,7,6,9,3,5
m242,204,13,30,6,4,7,7,5,9,3,10,2,11,2,11,2,12,1,102,1,12,1,12,1,12,1,12,1,12,1,12,1,12,1,12,2,11,3,10,3,10,3,10,4,8,6,6,9,3,4
m255,201,13,27,6,3,9,5,6,8,4,9,3,10,3,10,2,11,2,12,1,12,1,12,1,12,1,12,1,12,1,12,1,12,1,64,1,12,1,12,1,11,2,11,3,9,5,7,7,5,5
m267,210,12,27,3,3,8,6,5,8,4,9,3,9,3,10,2,10,2,10,2,10,1,11,1,107,1,10,2,10,2,10,3,9,3,9,4,8,5,6,7,4,4
m274,212,12,27,2,4,7,8,3,10,2,11,1,11,1,167,1,11,1,11,1,11,1,11,2,10,3,8,5,6,7,4,4
m278,207,12,25,6,3,7,6,5,8,3,10,1,11,1,11,1,11,1,11,1,11,1,118,1,11,1,11,2,10,2,10,3,8,5,6,3
m288,209,11,28,5,4,6,6,4,8,2,9,1,163,1,54,1,10,2,9,3,7,5,5,3
m300,214,11,25,2,6,4,8,2,10,1,10,1,10,1,10,1,154,1,10,1,10,2,8,4,6,6,4,3
m311,206,12,26,5,3,6,7,4,9,2,10,2,10,2,11,1,11,1,11,1,96,1,11,1,11,1,11,1,11,1,11,1,10,3,9,3,8,5,6,7,4,4
m317,205,11,26,5,4,6,6,3,9,1,153,1,10,1,10,1,10,1,9,2,9,2,9,2,9,3,7,5,5,3
