204.0,359.0,30.0,13.0
203.0,359.0,30.0,13.0
202.0,360.0,29.0,13.0
201.0,360.0,29.0,13.0
200.0,360.0,29.0,13.0
198.0,360.0,29.0,13.0
197.0,360.0,29.0,13.0
196.0,360.0,29.0,13.0
195.0,361.0,29.0,13.0
194.0,361.0,29.0,13.0
192.0,360.0,29.0,13.0
191.0,360.0,28.0,12.0
189.0,359.0,28.0,12.0
188.0,359.0,28.0,12.0
186.0,359.0,28.0,12.0
185.0,359.0,28.0,12.0
183.0,359.0,28.0,12.0
181.0,359.0,28.0,12.0
179.0,359.0,28.0,12.0
178.0,359.0,28.0,12.0
177.0,359.0,28.0,12.0
176.0,359.0,28.0,12.0
175.0,359.0,28.0,12.0
173.0,359.0,28.0,12.0
172.0,359.0,28.0,12.0
171.0,358.0,28.0,12.0
169.0,358.0,28.0,12.0
168.0,357.0,28.0,12.0
167.0,357.0,28.0,12.0
166.0,357.0,28.0,12.0
165.0,357.0,28.0,12.0
164.0,357.0,28.0,12.0
162.0,357.0,28.0,12.0
161.0,357.0,28.0,12.0
160.0,358.0,28.0,12.0
159.0,358.0,28.0,12.0
158.0,359.0,28.0,12.0
157.0,360.0,28.0,12.0
156.0,360.0,28.0,12.0
155.0,361.0,28.0,12.0
154.0,362.0,28.0,12.0
154.0,363.0,28.0,12.0
153.0,364.0,28.0,12.0
153.0,364.0,28.0,12.0
152.0,364.0,27.0,12.0
152.0,364.0,27.0,12.0
152.0,364.0,27.0,12.0
152.0,364.0,27.0,12.0
152.0,364.0,27.0,12.0
150.0,365.0,27.0,12.0
147.0,366.0,27.0,12.0
145.0,367.0,27.0,12.0
145.0,367.0,27.0,12.0
146.0,368.0,27.0,12.0
146.0,368.0,27.0,12.0
146.0,370.0,27.0,12.0
146.0,371.0,27.0,12.0
146.0,373.0,27.0,12.0
145.0,373.0,27.0,12.0
145.0,374.0,27.0,12.0
144.0,374.0,27.0,12.0
144.0,375.0,27.0,12.0
144.0,375.0,27.0,12.0
144.0,376.0,27.0,12.0
144.0,377.0,27.0,12.0
144.0,379.0,27.0,12.0
144.0,380.0,27.0,12.0
144.0,381.0,27.0,12.0
145.0,383.0,26.0,12.0
145.0,384.0,26.0,12.0
146.0,385.0,26.0,12.0
147.0,385.0,26.0,13.0
148.0,386.0,26.0,13.0
148.0,386.0,26.0,13.0
149.0,386.0,26.0,13.0
149.0,386.0,26.0,13.0
150.0,387.0,26.0,13.0
150.0,388.0,26.0,13.0
151.0,389.0,26.0,13.0
152.0,390.0,26.0,13.0
153.0,391.0,26.0,13.0
154.0,392.0,26.0,13.0
155.0,393.0,26.0,13.0
155.0,395.0,26.0,13.0
156.0,396.0,26.0,13.0
158.0,397.0,26.0,13.0
160.0,398.0,26.0,14.0
162.0,399.0,26.0,14.0
164.0,401.0,26.0,14.0
166.0,403.0,26.0,14.0
168.0,405.0,26.0,14.0
169.0,406.0,26.0,14.0
171.0,406.0,26.0,14.0
172.0,407.0,26.0,14.0
174.0,408.0,26.0,14.0
177.0,409.0,26.0,15.0
179.0,410.0,26.0,15.0
181.0,411.0,26.0,15.0
182.0,412.0,26.0,15.0
184.0,413.0,26.0,15.0
186.0,414.0,26.0,15.0
189.0,416.0,26.0,15.0
191.0,417.0,26.0,15.0
194.0,418.0,26.0,15.0
198.0,419.0,25.0,15.0
201.0,420.0,25.0,15.0
204.0,422.0,25.0,15.0
207.0,425.0,25.0,15.0
210.0,427.0,25.0,15.0
212.0,428.0,25.0,15.0
215.0,428.0,25.0,15.0
217.0,429.0,25.0,15.0
221.0,430.0,25.0,15.0
224.0,430.0,25.0,15.0
228.0,431.0,25.0,15.0
232.0,431.0,25.0,15.0
235.0,432.0,25.0,15.0
239.0,432.0,25.0,15.0
243.0,432.0,25.0,15.0
246.0,432.0,25.0,15.0
250.0,432.0,25.0,15.0
253.0,433.0,25.0,15.0
256.0,433.0,25.0,15.0
259.0,434.0,25.0,15.0
263.0,434.0,25.0,15.0
268.0,435.0,25.0,15.0
272.0,435.0,25.0,15.0
276.0,434.0,25.0,15.0
280.0,433.0,25.0,15.0
284.0,432.0,25.0,15.0
287.0,432.0,25.0,15.0
291.0,431.0,24.0,15.0
294.0,431.0,24.0,15.0
297.0,431.0,24.0,15.0
301.0,431.0,24.0,15.0
304.0,431.0,24.0,15.0
308.0,432.0,24.0,15.0
312.0,432.0,24.0,15.0
316.0,433.0,24.0,15.0
318.0,433.0,24.0,15.0
321.0,433.0,24.0,15.0
323.0,433.0,24.0,15.0
325.0,432.0,24.0,15.0
328.0,432.0,24.0,15.0
330.0,431.0,24.0,15.0
328.0,431.0,24.0,15.0
327.0,430.0,24.0,15.0
325.0,430.0,24.0,15.0
321.0,429.0,24.0,15.0
318.0,428.0,24.0,15.0
314.0,427.0,24.0,15.0
308.0,425.0,24.0,15.0
301.0,423.0,24.0,15.0
295.0,421.0,24.0,15.0
287.0,419.0,24.0,15.0
279.0,416.0,24.0,15.0
271.0,414.0,24.0,15.0
269.0,412.0,24.0,15.0
266.0,410.0,24.0,15.0
264.0,408.0,24.0,15.0
265.0,402.0,24.0,15.0
265.0,397.0,24.0,15.0
266.0,391.0,24.0,15.0
266.0,383.0,24.0,15.0
267.0,375.0,24.0,15.0
267.0,367.0,24.0,15.0
268.0,361.0,24.0,16.0
268.0,355.0,24.0,16.0
269.0,349.0,24.0,17.0
270.0,340.0,24.0,17.0
271.0,330.0,24.0,17.0
272.0,321.0,24.0,17.0
271.0,313.0,24.0,17.0
270.0,304.0,24.0,17.0
269.0,296.0,24.0,17.0
268.0,288.0,24.0,18.0
268.0,279.0,24.0,18.0
267.0,271.0,24.0,19.0
266.0,266.0,24.0,19.0
265.0,262.0,24.0,19.0
264.0,257.0,24.0,19.0
262.0,253.0,24.0,19.0
261.0,250.0,24.0,19.0
259.0,246.0,24.0,19.0
256.0,247.0,24.0,19.0
253.0,249.0,24.0,19.0
250.0,250.0,24.0,19.0
248.0,250.0,24.0,19.0
247.0,250.0,24.0,19.0
245.0,250.0,24.0,19.0
243.0,251.0,24.0,20.0
242.0,251.0,24.0,20.0
240.0,252.0,24.0,21.0
239.0,256.0,24.0,21.0
237.0,260.0,24.0,22.0
236.0,264.0,24.0,22.0
236.0,268.0,24.0,22.0
236.0,273.0,24.0,22.0
236.0,277.0,24.0,22.0
236.0,284.0,24.0,22.0
236.0,291.0,24.0,22.0
236.0,298.0,24.0,22.0
236.0,303.0,24.0,22.0
235.0,308.0,24.0,22.0
235.0,313.0,24.0,22.0
235.0,315.0,24.0,22.0
235.0,318.0,24.0,22.0
235.0,320.0,24.0,22.0
240.0,324.0,24.0,22.0
245.0,328.0,24.0,22.0
250.0,332.0,24.0,22.0
255.0,338.0,24.0,22.0
261.0,344.0,24.0,22.0
266.0,350.0,24.0,22.0
269.0,352.0,24.0,22.0
273.0,355.0,24.0,22.0
276.0,357.0,24.0,22.0
279.0,360.0,24.0,22.0
283.0,364.0,24.0,22.0
286.0,367.0,24.0,22.0
287.0,368.0,24.0,22.0
287.0,370.0,24.0,22.0
288.0,371.0,24.0,22.0
288.0,370.0,24.0,22.0
288.0,370.0,24.0,22.0
288.0,369.0,24.0,22.0
287.0,366.0,24.0,22.0
286.0,362.0,25.0,22.0
285.0,359.0,25.0,22.0
284.0,355.0,25.0,22.0
282.0,352.0,25.0,22.0
281.0,348.0,25.0,22.0
282.0,346.0,25.0,22.0
283.0,344.0,25.0,22.0
284.0,342.0,25.0,22.0
285.0,341.0,26.0,22.0
287.0,340.0,28.0,22.0
288.0,339.0,29.0,22.0
291.0,335.0,29.0,23.0
295.0,332.0,29.0,23.0
298.0,328.0,29.0,24.0
303.0,326.0,30.0,24.0
307.0,323.0,32.0,24.0
312.0,321.0,33.0,24.0
315.0,320.0,33.0,24.0
319.0,318.0,33.0,24.0
322.0,317.0,33.0,24.0
329.0,315.0,33.0,24.0
336.0,314.0,33.0,24.0
343.0,312.0,33.0,24.0
351.0,311.0,33.0,24.0
359.0,311.0,33.0,24.0
367.0,310.0,33.0,24.0
372.0,311.0,33.0,24.0
378.0,311.0,33.0,24.0
383.0,312.0,33.0,24.0
392.0,314.0,33.0,24.0
400.0,315.0,33.0,24.0
409.0,317.0,33.0,24.0
417.0,320.0,34.0,24.0
424.0,322.0,34.0,24.0
432.0,325.0,35.0,24.0
437.0,326.0,35.0,24.0
443.0,327.0,35.0,24.0
448.0,328.0,35.0,24.0
454.0,331.0,36.0,24.0
461.0,333.0,37.0,24.0
467.0,336.0,38.0,24.0
473.0,337.0,38.0,24.0
480.0,338.0,38.0,24.0
486.0,339.0,38.0,24.0
490.0,339.0,38.0,24.0
494.0,339.0,38.0,24.0
498.0,339.0,38.0,24.0
502.0,338.0,38.0,24.0
505.0,338.0,38.0,24.0
509.0,337.0,38.0,24.0
512.0,336.0,38.0,23.0
516.0,336.0,38.0,23.0
519.0,335.0,38.0,22.0
519.0,338.0,38.0,21.0
518.0,341.0,38.0,21.0
518.0,344.0,38.0,20.0
517.0,346.0,38.0,19.0
515.0,348.0,38.0,18.0
514.0,350.0,38.0,17.0
511.0,353.0,37.0,17.0
508.0,357.0,37.0,17.0
505.0,360.0,36.0,17.0
502.0,363.0,36.0,17.0
498.0,365.0,36.0,17.0
495.0,368.0,36.0,17.0
493.0,369.0,36.0,17.0
491.0,369.0,36.0,17.0
489.0,370.0,36.0,17.0
486.0,368.0,35.0,16.0
483.0,367.0,33.0,16.0
480.0,365.0,32.0,15.0
475.0,364.0,33.0,15.0
469.0,363.0,34.0,15.0
464.0,362.0,35.0,15.0
461.0,360.0,35.0,15.0
458.0,358.0,35.0,15.0
455.0,356.0,35.0,15.0
452.0,352.0,34.0,14.0
449.0,347.0,33.0,14.0
446.0,343.0,32.0,13.0
442.0,337.0,33.0,14.0
439.0,332.0,35.0,14.0
435.0,326.0,36.0,15.0
434.0,321.0,35.0,15.0
432.0,317.0,33.0,15.0
431.0,312.0,32.0,15.0
428.0,301.0,32.0,15.0
425.0,291.0,32.0,15.0
422.0,280.0,32.0,15.0
420.0,269.0,32.0,15.0
417.0,257.0,32.0,15.0
415.0,246.0,32.0,15.0
413.0,240.0,31.0,15.0
412.0,234.0,31.0,15.0
410.0,228.0,30.0,15.0
408.0,222.0,30.0,15.0
407.0,215.0,30.0,15.0
405.0,209.0,30.0,15.0
404.0,205.0,30.0,15.0
403.0,200.0,30.0,15.0
402.0,196.0,30.0,15.0
401.0,191.0,30.0,15.0
399.0,186.0,30.0,15.0
398.0,181.0,30.0,15.0
397.0,178.0,30.0,15.0
397.0,175.0,29.0,15.0
396.0,172.0,29.0,15.0
395.0,167.0,29.0,15.0
393.0,161.0,29.0,15.0
392.0,156.0,29.0,15.0
389.0,151.0,29.0,14.0
387.0,146.0,29.0,14.0
384.0,141.0,29.0,13.0
382.0,138.0,29.0,13.0
380.0,135.0,29.0,13.0
378.0,132.0,29.0,13.0
376.0,129.0,29.0,13.0
375.0,126.0,29.0,13.0
373.0,123.0,29.0,13.0
370.0,119.0,29.0,13.0
367.0,114.0,29.0,12.0
364.0,110.0,29.0,12.0
363.0,106.0,29.0,12.0
361.0,103.0,29.0,12.0
360.0,99.0,29.0,12.0
358.0,92.0,29.0,11.0
356.0,85.0,29.0,11.0
354.0,78.0,29.0,10.0
350.0,73.0,29.0,10.0
346.0,69.0,29.0,10.0
342.0,64.0,29.0,10.0
341.0,63.0,29.0,10.0
340.0,62.0,29.0,10.0
339.0,61.0,29.0,10.0
337.0,60.0,29.0,10.0
336.0,60.0,29.0,10.0
334.0,59.0,29.0,10.0
332.0,61.0,28.0,10.0
329.0,63.0,28.0,10.0
327.0,65.0,27.0,10.0
324.0,66.0,27.0,10.0
322.0,66.0,27.0,10.0
319.0,67.0,27.0,10.0
315.0,69.0,27.0,10.0
311.0,72.0,27.0,10.0
307.0,74.0,27.0,10.0
305.0,77.0,27.0,10.0
303.0,81.0,27.0,10.0
301.0,84.0,27.0,10.0
299.0,87.0,27.0,10.0
296.0,91.0,27.0,10.0
294.0,94.0,27.0,10.0
292.0,99.0,27.0,10.0
291.0,105.0,27.0,10.0
289.0,110.0,27.0,10.0
289.0,115.0,27.0,10.0
288.0,121.0,28.0,10.0
288.0,126.0,28.0,10.0
289.0,134.0,28.0,10.0
289.0,142.0,28.0,10.0
290.0,150.0,28.0,10.0
291.0,152.0,28.0,10.0
293.0,154.0,28.0,10.0
294.0,156.0,28.0,10.0
295.0,158.0,28.0,10.0
297.0,160.0,28.0,10.0
298.0,162.0,28.0,10.0
300.0,162.0,29.0,10.0
301.0,161.0,29.0,10.0
303.0,161.0,30.0,10.0
304.0,160.0,30.0,10.0
304.0,160.0,30.0,10.0
305.0,159.0,30.0,10.0
305.0,159.0,31.0,10.0
305.0,159.0,33.0,10.0
305.0,159.0,34.0,10.0
307.0,160.0,33.0,10.0
310.0,161.0,31.0,10.0
312.0,162.0,30.0,10.0
312.0,163.0,30.0,10.0
312.0,165.0,30.0,10.0
312.0,166.0,30.0,10.0
312.0,172.0,32.0,10.0
312.0,179.0,33.0,10.0
312.0,185.0,35.0,10.0
312.0,194.0,35.0,10.0
313.0,202.0,35.0,10.0
313.0,211.0,35.0,10.0
313.0,217.0,35.0,10.0
313.0,224.0,35.0,11.0
313.0,230.0,35.0,11.0
313.0,239.0,35.0,11.0
313.0,248.0,35.0,11.0
313.0,257.0,35.0,11.0
312.0,262.0,35.0,11.0
312.0,266.0,35.0,11.0
311.0,271.0,35.0,11.0
310.0,274.0,35.0,12.0
310.0,276.0,36.0,12.0
309.0,279.0,36.0,13.0
308.0,281.0,36.0,13.0
308.0,284.0,36.0,13.0
307.0,286.0,36.0,13.0
306.0,287.0,36.0,13.0
306.0,287.0,36.0,13.0
305.0,288.0,36.0,13.0
304.0,291.0,36.0,13.0
302.0,294.0,36.0,13.0
301.0,297.0,36.0,13.0
300.0,298.0,37.0,13.0
298.0,300.0,38.0,13.0
297.0,301.0,39.0,13.0
295.0,299.0,39.0,13.0
294.0,297.0,39.0,13.0
292.0,295.0,39.0,13.0
290.0,294.0,39.0,13.0
289.0,292.0,39.0,13.0
287.0,291.0,39.0,13.0
286.0,291.0,39.0,13.0
285.0,290.0,39.0,13.0
284.0,290.0,39.0,13.0
282.0,288.0,39.0,13.0
279.0,287.0,39.0,13.0
277.0,285.0,39.0,13.0
275.0,284.0,39.0,13.0
274.0,282.0,39.0,13.0
272.0,281.0,39.0,13.0
271.0,280.0,39.0,13.0
269.0,278.0,39.0,13.0
268.0,277.0,39.0,13.0
265.0,276.0,39.0,13.0
263.0,275.0,39.0,13.0
260.0,274.0,39.0,13.0
258.0,273.0,39.0,13.0
256.0,272.0,39.0,13.0
254.0,271.0,39.0,13.0
253.0,270.0,39.0,13.0
252.0,268.0,39.0,13.0
251.0,267.0,39.0,13.0
250.0,266.0,39.0,13.0
249.0,266.0,39.0,13.0
248.0,265.0,39.0,13.0
248.0,265.0,40.0,14.0
247.0,266.0,40.0,14.0
247.0,266.0,41.0,15.0
248.0,267.0,41.0,15.0
248.0,269.0,41.0,15.0
249.0,270.0,41.0,15.0
249.0,271.0,42.0,15.0
248.0,272.0,42.0,15.0
248.0,273.0,43.0,15.0
247.0,273.0,43.0,16.0
246.0,273.0,43.0,16.0
245.0,273.0,43.0,17.0
243.0,273.0,44.0,17.0
242.0,274.0,46.0,17.0
240.0,274.0,47.0,17.0
239.0,275.0,47.0,17.0
239.0,275.0,47.0,17.0
238.0,276.0,47.0,17.0
237.0,275.0,47.0,17.0
236.0,274.0,47.0,17.0
235.0,273.0,47.0,17.0
235.0,272.0,47.0,17.0
234.0,272.0,47.0,17.0
234.0,271.0,47.0,17.0
234.0,270.0,47.0,17.0
234.0,270.0,47.0,17.0
234.0,269.0,47.0,17.0
233.0,267.0,47.0,17.0
233.0,266.0,47.0,17.0
232.0,264.0,47.0,17.0
232.0,261.0,47.0,17.0
233.0,258.0,47.0,17.0
233.0,255.0,47.0,17.0
233.0,255.0,47.0,17.0
233.0,254.0,47.0,17.0
233.0,254.0,47.0,17.0
233.0,254.0,47.0,17.0
233.0,254.0,47.0,17.0
233.0,254.0,47.0,17.0
233.0,257.0,48.0,17.0
232.0,260.0,48.0,17.0
232.0,263.0,49.0,17.0
232.0,266.0,49.0,17.0
232.0,269.0,49.0,17.0
232.0,272.0,49.0,17.0
232.0,278.0,49.0,17.0
233.0,284.0,50.0,17.0
233.0,290.0,50.0,17.0
233.0,293.0,52.0,17.0
232.0,295.0,55.0,17.0
232.0,298.0,57.0,17.0
233.0,298.0,57.0,17.0
233.0,299.0,56.0,17.0
234.0,299.0,56.0,17.0
235.0,299.0,56.0,17.0
236.0,299.0,56.0,18.0
237.0,299.0,56.0,18.0
238.0,299.0,57.0,18.0
239.0,300.0,58.0,18.0
240.0,300.0,59.0,18.0
240.0,301.0,59.0,18.0
241.0,301.0,59.0,18.0
241.0,302.0,59.0,18.0
242.0,303.0,61.0,18.0
242.0,305.0,62.0,18.0
243.0,306.0,64.0,18.0
243.0,305.0,64.0,18.0
244.0,304.0,64.0,18.0
244.0,303.0,64.0,18.0
245.0,303.0,64.0,18.0
245.0,304.0,64.0,18.0
246.0,304.0,64.0,18.0
246.0,305.0,64.0,18.0
246.0,306.0,64.0,18.0
246.0,307.0,64.0,18.0
248.0,310.0,64.0,18.0
249.0,314.0,64.0,18.0
251.0,317.0,64.0,18.0
251.0,321.0,64.0,18.0
251.0,325.0,64.0,18.0
251.0,329.0,64.0,18.0
252.0,330.0,64.0,18.0
252.0,331.0,64.0,18.0
253.0,332.0,64.0,18.0
254.0,333.0,64.0,18.0
254.0,335.0,64.0,18.0
255.0,336.0,64.0,18.0
256.0,337.0,64.0,18.0
257.0,337.0,64.0,18.0
258.0,338.0,64.0,18.0
258.0,339.0,64.0,18.0
259.0,341.0,64.0,18.0
259.0,342.0,64.0,18.0
260.0,344.0,65.0,18.0
260.0,345.0,67.0,18.0
261.0,347.0,68.0,18.0
261.0,349.0,69.0,18.0
260.0,350.0,70.0,19.0
260.0,352.0,71.0,19.0
261.0,353.0,71.0,19.0
262.0,355.0,71.0,19.0
263.0,356.0,71.0,19.0
264.0,357.0,71.0,19.0
265.0,358.0,71.0,19.0
266.0,359.0,71.0,19.0
267.0,358.0,71.0,19.0
268.0,358.0,71.0,19.0
269.0,357.0,71.0,19.0
270.0,354.0,72.0,19.0
271.0,350.0,72.0,20.0
272.0,347.0,73.0,20.0
273.0,343.0,73.0,20.0
275.0,338.0,73.0,20.0
276.0,334.0,73.0,20.0
277.0,330.0,73.0,20.0
277.0,325.0,73.0,20.0
278.0,321.0,73.0,20.0
280.0,319.0,72.0,20.0
282.0,316.0,70.0,20.0
284.0,314.0,69.0,20.0
287.0,312.0,67.0,20.0
291.0,309.0,64.0,20.0
294.0,307.0,62.0,20.0
295.0,305.0,62.0,20.0
296.0,304.0,62.0,20.0
297.0,302.0,62.0,20.0
298.0,299.0,63.0,20.0
298.0,297.0,65.0,20.0
299.0,294.0,66.0,20.0
300.0,294.0,66.0,20.0
301.0,294.0,66.0,20.0
302.0,294.0,66.0,20.0
303.0,292.0,66.0,20.0
305.0,290.0,66.0,20.0
306.0,288.0,66.0,20.0
308.0,288.0,66.0,19.0
310.0,287.0,66.0,18.0
312.0,287.0,66.0,17.0
313.0,286.0,66.0,17.0
314.0,286.0,65.0,17.0
315.0,285.0,65.0,17.0
316.0,283.0,65.0,17.0
318.0,280.0,65.0,17.0
319.0,278.0,65.0,17.0
320.0,273.0,65.0,17.0
321.0,269.0,65.0,18.0
322.0,264.0,65.0,18.0
324.0,259.0,65.0,19.0
325.0,254.0,65.0,21.0
327.0,249.0,65.0,22.0
327.0,244.0,64.0,22.0
326.0,239.0,64.0,22.0
326.0,234.0,63.0,22.0
326.0,230.0,63.0,23.0
326.0,226.0,63.0,24.0
326.0,222.0,63.0,25.0
326.0,220.0,63.0,25.0
326.0,219.0,63.0,25.0
326.0,217.0,63.0,25.0
326.0,214.0,63.0,25.0
326.0,210.0,63.0,25.0
326.0,207.0,63.0,25.0
326.0,204.0,61.0,25.0
325.0,201.0,58.0,25.0
325.0,198.0,56.0,25.0
324.0,197.0,56.0,25.0
322.0,196.0,56.0,25.0
321.0,195.0,56.0,25.0
321.0,196.0,56.0,25.0
322.0,197.0,56.0,25.0
322.0,198.0,56.0,25.0
322.0,199.0,56.0,25.0
322.0,200.0,56.0,25.0
322.0,201.0,56.0,25.0
321.0,204.0,56.0,25.0
319.0,207.0,56.0,25.0
318.0,210.0,56.0,25.0
317.0,213.0,56.0,24.0
316.0,215.0,56.0,23.0
315.0,218.0,56.0,22.0
313.0,219.0,56.0,21.0
311.0,221.0,56.0,21.0
309.0,222.0,56.0,20.0
306.0,223.0,57.0,20.0
304.0,223.0,59.0,20.0
301.0,224.0,60.0,20.0
299.0,227.0,60.0,20.0
298.0,229.0,60.0,20.0
296.0,232.0,60.0,20.0
293.0,233.0,60.0,20.0
290.0,234.0,60.0,20.0
287.0,235.0,60.0,20.0
284.0,234.0,60.0,19.0
282.0,233.0,60.0,19.0
279.0,232.0,60.0,18.0
277.0,231.0,59.0,18.0
276.0,231.0,57.0,18.0
274.0,230.0,56.0,18.0
273.0,230.0,56.0,17.0
273.0,229.0,55.0,16.0
272.0,229.0,55.0,15.0
272.0,229.0,55.0,15.0
273.0,228.0,55.0,15.0
273.0,228.0,55.0,15.0
272.0,228.0,55.0,15.0
270.0,228.0,55.0,15.0
269.0,228.0,55.0,15.0
268.0,226.0,55.0,15.0
268.0,224.0,55.0,15.0
267.0,222.0,55.0,15.0
268.0,220.0,55.0,15.0
268.0,219.0,55.0,15.0
269.0,217.0,55.0,15.0
269.0,216.0,55.0,15.0
268.0,215.0,55.0,15.0
268.0,214.0,55.0,15.0
268.0,213.0,55.0,15.0
269.0,211.0,55.0,15.0
269.0,210.0,55.0,15.0
270.0,210.0,55.0,15.0
270.0,210.0,55.0,15.0
271.0,210.0,55.0,15.0
271.0,212.0,55.0,15.0
271.0,213.0,55.0,15.0
271.0,215.0,55.0,15.0
272.0,215.0,55.0,15.0
272.0,215.0,55.0,15.0
273.0,215.0,55.0,15.0
273.0,215.0,55.0,15.0
273.0,214.0,55.0,15.0
273.0,214.0,55.0,15.0
273.0,213.0,55.0,15.0
272.0,213.0,55.0,15.0
272.0,212.0,55.0,15.0
272.0,211.0,56.0,15.0
272.0,211.0,58.0,15.0
272.0,210.0,59.0,15.0
271.0,207.0,60.0,16.0
270.0,204.0,60.0,16.0
269.0,201.0,61.0,17.0
268.0,200.0,61.0,17.0
267.0,200.0,61.0,17.0
266.0,199.0,61.0,17.0
266.0,199.0,60.0,17.0
266.0,199.0,59.0,17.0
266.0,199.0,58.0,17.0
266.0,197.0,58.0,17.0
266.0,196.0,58.0,17.0
266.0,194.0,58.0,17.0
266.0,194.0,59.0,17.0
266.0,194.0,60.0,17.0
266.0,194.0,61.0,17.0
266.0,195.0,61.0,17.0
266.0,196.0,61.0,17.0
266.0,197.0,61.0,17.0
266.0,198.0,61.0,17.0
266.0,198.0,61.0,17.0
266.0,199.0,61.0,17.0
266.0,200.0,61.0,17.0
266.0,201.0,61.0,17.0
266.0,202.0,61.0,17.0
266.0,202.0,61.0,17.0
267.0,201.0,61.0,17.0
267.0,201.0,61.0,17.0
267.0,202.0,61.0,17.0
267.0,202.0,61.0,17.0
267.0,203.0,61.0,17.0
267.0,204.0,61.0,17.0
267.0,205.0,61.0,17.0
267.0,206.0,61.0,17.0
267.0,206.0,61.0,17.0
268.0,206.0,61.0,17.0
268.0,206.0,61.0,17.0
268.0,206.0,63.0,17.0
269.0,206.0,64.0,17.0
269.0,206.0,66.0,17.0
269.0,206.0,66.0,17.0
270.0,206.0,66.0,17.0
270.0,206.0,66.0,17.0
270.0,208.0,68.0,17.0
270.0,210.0,71.0,17.0
270.0,212.0,73.0,17.0
270.0,213.0,73.0,17.0
271.0,214.0,73.0,17.0
271.0,215.0,73.0,17.0
271.0,215.0,73.0,17.0
272.0,215.0,73.0,17.0
272.0,215.0,73.0,17.0
273.0,215.0,73.0,18.0
273.0,216.0,73.0,18.0
274.0,216.0,73.0,19.0
274.0,216.0,73.0,19.0
275.0,217.0,73.0,20.0
275.0,217.0,73.0,20.0
276.0,217.0,73.0,20.0
276.0,217.0,73.0,20.0
277.0,217.0,73.0,20.0
278.0,216.0,73.0,20.0
279.0,215.0,73.0,20.0
280.0,214.0,73.0,20.0
280.0,213.0,73.0,20.0
280.0,211.0,73.0,20.0
280.0,210.0,73.0,20.0
281.0,208.0,74.0,20.0
281.0,206.0,74.0,20.0
282.0,204.0,75.0,20.0
282.0,204.0,75.0,20.0
283.0,203.0,75.0,20.0
283.0,203.0,75.0,20.0
284.0,203.0,75.0,20.0
284.0,204.0,75.0,20.0
285.0,204.0,75.0,20.0
285.0,206.0,75.0,20.0
285.0,208.0,75.0,20.0
285.0,210.0,75.0,20.0
285.0,211.0,75.0,20.0
286.0,213.0,75.0,20.0
286.0,214.0,75.0,20.0
286.0,216.0,77.0,20.0
286.0,217.0,78.0,20.0
286.0,219.0,80.0,20.0
285.0,219.0,80.0,20.0
285.0,220.0,80.0,20.0
284.0,220.0,80.0,20.0
283.0,220.0,81.0,20.0
282.0,220.0,82.0,21.0
281.0,220.0,83.0,21.0
281.0,221.0,83.0,21.0
281.0,222.0,83.0,21.0
281.0,223.0,83.0,21.0
281.0,223.0,83.0,21.0
280.0,222.0,83.0,21.0
280.0,222.0,83.0,21.0
278.0,222.0,85.0,21.0
275.0,222.0,87.0,21.0
273.0,222.0,89.0,21.0
271.0,223.0,90.0,21.0
268.0,225.0,92.0,21.0
266.0,226.0,93.0,21.0
266.0,228.0,93.0,21.0
265.0,231.0,93.0,21.0
265.0,233.0,93.0,21.0
263.0,237.0,94.0,21.0
261.0,242.0,94.0,21.0
259.0,246.0,95.0,21.0
256.0,249.0,96.0,21.0
253.0,251.0,98.0,21.0
250.0,254.0,99.0,21.0
248.0,256.0,100.0,21.0
247.0,257.0,100.0,22.0
245.0,259.0,101.0,22.0
240.0,261.0,105.0,22.0
234.0,262.0,110.0,22.0
229.0,264.0,114.0,22.0
226.0,266.0,117.0,23.0
223.0,269.0,120.0,23.0
220.0,271.0,123.0,24.0
218.0,272.0,123.0,25.0
215.0,274.0,123.0,26.0
213.0,275.0,123.0,27.0
210.0,281.0,124.0,27.0
207.0,287.0,125.0,27.0
204.0,293.0,126.0,27.0
201.0,299.0,126.0,27.0
197.0,305.0,127.0,27.0
194.0,311.0,127.0,27.0
192.0,314.0,128.0,27.0
191.0,316.0,129.0,27.0
189.0,319.0,130.0,27.0
185.0,323.0,130.0,27.0
182.0,327.0,130.0,28.0
178.0,331.0,130.0,28.0
176.0,336.0,130.0,28.0
174.0,340.0,130.0,28.0
172.0,345.0,130.0,28.0
170.0,348.0,130.0,28.0
169.0,350.0,130.0,29.0
167.0,353.0,130.0,29.0
164.0,357.0,130.0,29.0
162.0,360.0,130.0,29.0
159.0,364.0,130.0,29.0
161.0,367.0,127.0,30.0
164.0,371.0,124.0,31.0
166.0,374.0,121.0,32.0
164.0,373.0,121.0,32.0
161.0,372.0,121.0,32.0
159.0,371.0,121.0,32.0
160.0,367.0,119.0,33.0
160.0,364.0,118.0,35.0
161.0,360.0,116.0,36.0
163.0,354.0,115.0,36.0
165.0,347.0,114.0,36.0
167.0,341.0,113.0,36.0
167.0,334.0,113.0,36.0
166.0,326.0,113.0,36.0
166.0,319.0,113.0,36.0
166.0,314.0,113.0,36.0
167.0,308.0,113.0,36.0
167.0,303.0,113.0,36.0
171.0,299.0,109.0,35.0
175.0,294.0,105.0,34.0
179.0,290.0,101.0,33.0
182.0,287.0,101.0,33.0
184.0,285.0,101.0,33.0
187.0,282.0,101.0,33.0
189.0,280.0,101.0,33.0
190.0,277.0,101.0,33.0
192.0,275.0,101.0,33.0
193.0,273.0,101.0,33.0
193.0,271.0,101.0,32.0
194.0,269.0,101.0,32.0
197.0,266.0,101.0,32.0
201.0,264.0,101.0,32.0
204.0,261.0,101.0,32.0
205.0,259.0,101.0,32.0
205.0,256.0,101.0,32.0
206.0,254.0,101.0,32.0
210.0,252.0,101.0,31.0
214.0,251.0,101.0,30.0
218.0,249.0,101.0,29.0
221.0,247.0,101.0,28.0
224.0,244.0,101.0,28.0
227.0,242.0,101.0,27.0
229.0,240.0,99.0,27.0
231.0,239.0,96.0,27.0
233.0,237.0,94.0,27.0
232.0,233.0,94.0,27.0
231.0,228.0,94.0,27.0
230.0,224.0,94.0,27.0
229.0,222.0,94.0,26.0
228.0,220.0,94.0,26.0
227.0,218.0,94.0,25.0
227.0,217.0,94.0,25.0
227.0,215.0,94.0,25.0
227.0,214.0,94.0,25.0
228.0,212.0,93.0,25.0
228.0,209.0,92.0,25.0
229.0,207.0,91.0,25.0
230.0,204.0,91.0,25.0
232.0,200.0,91.0,25.0
233.0,197.0,91.0,25.0
235.0,195.0,90.0,25.0
237.0,193.0,89.0,25.0
239.0,191.0,88.0,25.0
239.0,190.0,88.0,24.0
238.0,188.0,88.0,24.0
238.0,187.0,88.0,23.0
236.0,185.0,88.0,23.0
235.0,183.0,88.0,23.0
233.0,181.0,88.0,23.0
229.0,179.0,87.0,23.0
226.0,176.0,87.0,23.0
222.0,174.0,86.0,23.0
221.0,173.0,88.0,23.0
220.0,172.0,89.0,23.0
219.0,171.0,91.0,23.0
218.0,169.0,90.0,24.0
218.0,166.0,89.0,25.0
217.0,164.0,88.0,26.0
217.0,161.0,88.0,26.0
216.0,159.0,88.0,26.0
216.0,156.0,88.0,26.0
216.0,156.0,88.0,26.0
216.0,156.0,88.0,26.0
216.0,156.0,88.0,26.0
216.0,152.0,88.0,25.0
217.0,149.0,88.0,24.0
217.0,145.0,88.0,23.0
221.0,144.0,85.0,23.0
225.0,142.0,83.0,23.0
229.0,141.0,80.0,23.0
229.0,139.0,85.0,23.0
228.0,137.0,90.0,23.0
228.0,135.0,95.0,23.0
229.0,133.0,95.0,23.0
229.0,131.0,95.0,23.0
230.0,129.0,95.0,23.0
230.0,130.0,95.0,23.0
229.0,131.0,95.0,23.0
229.0,132.0,95.0,23.0
229.0,134.0,93.0,23.0
229.0,137.0,92.0,23.0
229.0,139.0,90.0,23.0
227.0,143.0,90.0,23.0
224.0,147.0,90.0,23.0
222.0,151.0,90.0,23.0
222.0,154.0,90.0,23.0
221.0,157.0,90.0,23.0
221.0,160.0,90.0,23.0
221.0,163.0,90.0,23.0
221.0,165.0,90.0,23.0
221.0,168.0,90.0,23.0
217.0,169.0,90.0,23.0
213.0,170.0,90.0,23.0
209.0,171.0,90.0,23.0
207.0,172.0,90.0,23.0
204.0,172.0,90.0,23.0
202.0,173.0,90.0,23.0
202.0,173.0,90.0,23.0
202.0,173.0,90.0,23.0
202.0,173.0,90.0,23.0
202.0,174.0,90.0,23.0
201.0,174.0,90.0,23.0
201.0,175.0,90.0,23.0
202.0,177.0,91.0,23.0
203.0,180.0,92.0,23.0
204.0,182.0,93.0,23.0
203.0,183.0,91.0,23.0
202.0,185.0,88.0,23.0
201.0,186.0,86.0,23.0
199.0,187.0,86.0,23.0
198.0,188.0,86.0,23.0
196.0,189.0,86.0,23.0
196.0,190.0,86.0,23.0
196.0,192.0,86.0,23.0
196.0,193.0,86.0,23.0
196.0,195.0,86.0,23.0
197.0,198.0,86.0,23.0
197.0,200.0,86.0,23.0
196.0,200.0,86.0,23.0
196.0,200.0,86.0,23.0
195.0,200.0,86.0,23.0
195.0,196.0,86.0,23.0
194.0,192.0,86.0,23.0
194.0,188.0,86.0,23.0
193.0,183.0,88.0,23.0
191.0,179.0,89.0,22.0
190.0,174.0,91.0,22.0
189.0,173.0,91.0,22.0
187.0,171.0,91.0,22.0
186.0,170.0,91.0,22.0
185.0,170.0,91.0,22.0
185.0,171.0,91.0,22.0
184.0,171.0,91.0,22.0
183.0,172.0,91.0,22.0
183.0,174.0,91.0,22.0
182.0,175.0,91.0,22.0
181.0,177.0,91.0,22.0
179.0,179.0,91.0,22.0
178.0,181.0,91.0,22.0
177.0,182.0,91.0,22.0
177.0,183.0,91.0,21.0
176.0,184.0,91.0,21.0
175.0,184.0,91.0,21.0
174.0,185.0,91.0,21.0
173.0,185.0,91.0,21.0
172.0,186.0,91.0,21.0
172.0,186.0,91.0,21.0
171.0,187.0,91.0,21.0
169.0,188.0,91.0,21.0
168.0,188.0,91.0,21.0
166.0,189.0,91.0,21.0
165.0,189.0,90.0,21.0
165.0,188.0,89.0,21.0
164.0,188.0,88.0,21.0
164.0,187.0,88.0,21.0
164.0,187.0,88.0,21.0
164.0,186.0,88.0,21.0
164.0,185.0,88.0,21.0
165.0,183.0,88.0,21.0
165.0,182.0,88.0,21.0
167.0,181.0,87.0,20.0
170.0,180.0,87.0,19.0
172.0,179.0,86.0,18.0
175.0,177.0,86.0,18.0
178.0,175.0,86.0,18.0
181.0,173.0,86.0,18.0
184.0,172.0,84.0,18.0
188.0,170.0,83.0,18.0
191.0,169.0,81.0,18.0
194.0,168.0,81.0,18.0
197.0,167.0,81.0,18.0
200.0,166.0,81.0,18.0
203.0,165.0,81.0,18.0
207.0,163.0,81.0,18.0
210.0,162.0,81.0,18.0
214.0,162.0,80.0,18.0
218.0,162.0,78.0,18.0
222.0,162.0,77.0,18.0
224.0,161.0,77.0,18.0
225.0,159.0,77.0,18.0
227.0,158.0,77.0,18.0
229.0,159.0,76.0,16.0
231.0,159.0,74.0,14.0
233.0,160.0,73.0,12.0
233.0,158.0,73.0,12.0
234.0,156.0,73.0,12.0
234.0,154.0,73.0,12.0
235.0,151.0,73.0,12.0
237.0,147.0,73.0,12.0
238.0,144.0,73.0,12.0
238.0,142.0,73.0,12.0
237.0,141.0,73.0,12.0
237.0,139.0,73.0,12.0
238.0,136.0,71.0,15.0
239.0,132.0,70.0,17.0
240.0,129.0,68.0,20.0
240.0,128.0,68.0,20.0
240.0,128.0,68.0,19.0
240.0,127.0,68.0,19.0
239.0,125.0,68.0,19.0
238.0,124.0,68.0,19.0
237.0,122.0,68.0,19.0
237.0,121.0,68.0,19.0
237.0,119.0,68.0,19.0
237.0,118.0,68.0,19.0
236.0,118.0,68.0,19.0
236.0,118.0,68.0,19.0
235.0,118.0,68.0,19.0
234.0,116.0,68.0,19.0
233.0,113.0,68.0,19.0
232.0,111.0,68.0,19.0
232.0,108.0,68.0,19.0
232.0,106.0,68.0,19.0
232.0,103.0,68.0,19.0
234.0,102.0,67.0,19.0
235.0,101.0,67.0,19.0
237.0,100.0,66.0,19.0
237.0,99.0,66.0,19.0
238.0,99.0,66.0,19.0
238.0,98.0,66.0,19.0
238.0,97.0,66.0,19.0
239.0,95.0,66.0,19.0
239.0,94.0,66.0,19.0
241.0,93.0,66.0,19.0
242.0,92.0,66.0,19.0
244.0,91.0,66.0,19.0
247.0,89.0,66.0,19.0
249.0,87.0,66.0,19.0
252.0,85.0,66.0,19.0
253.0,83.0,66.0,19.0
255.0,81.0,66.0,19.0
256.0,79.0,66.0,19.0
257.0,79.0,66.0,19.0
258.0,78.0,66.0,19.0
259.0,78.0,66.0,19.0
259.0,77.0,66.0,19.0
260.0,77.0,66.0,19.0
260.0,76.0,66.0,19.0
259.0,76.0,70.0,19.0
258.0,76.0,73.0,19.0
257.0,76.0,77.0,19.0
258.0,76.0,77.0,19.0
259.0,75.0,77.0,19.0
260.0,75.0,77.0,19.0
258.0,75.0,79.0,19.0
257.0,75.0,80.0,19.0
255.0,75.0,82.0,19.0
252.0,75.0,82.0,19.0
248.0,74.0,82.0,19.0
245.0,74.0,82.0,19.0
244.0,74.0,83.0,19.0
242.0,75.0,83.0,19.0
241.0,75.0,84.0,19.0
240.0,76.0,84.0,19.0
240.0,77.0,85.0,19.0
239.0,78.0,85.0,19.0
239.0,80.0,86.0,20.0
238.0,81.0,87.0,21.0
238.0,83.0,88.0,22.0
238.0,85.0,89.0,23.0
237.0,86.0,89.0,24.0
237.0,88.0,90.0,25.0
237.0,89.0,91.0,25.0
236.0,90.0,91.0,25.0
236.0,91.0,92.0,25.0
236.0,92.0,92.0,25.0
237.0,92.0,92.0,25.0
237.0,93.0,92.0,25.0
235.0,92.0,95.0,26.0
233.0,91.0,99.0,26.0
231.0,90.0,102.0,27.0
231.0,89.0,102.0,27.0
230.0,87.0,102.0,27.0
230.0,86.0,102.0,27.0
230.0,87.0,102.0,28.0
230.0,87.0,103.0,29.0
230.0,88.0,103.0,30.0
228.0,89.0,106.0,30.0
225.0,91.0,108.0,30.0
223.0,92.0,111.0,30.0
223.0,92.0,111.0,30.0
223.0,92.0,111.0,30.0
223.0,92.0,111.0,30.0
219.0,91.0,113.0,31.0
215.0,90.0,115.0,31.0
211.0,89.0,117.0,32.0
208.0,89.0,119.0,33.0
204.0,90.0,120.0,33.0
201.0,90.0,122.0,34.0
199.0,89.0,122.0,35.0
197.0,89.0,122.0,35.0
195.0,88.0,122.0,36.0
191.0,88.0,122.0,35.0
187.0,88.0,122.0,35.0
183.0,88.0,122.0,34.0
178.0,85.0,125.0,36.0
172.0,83.0,127.0,39.0
167.0,80.0,130.0,41.0
166.0,83.0,130.0,41.0
165.0,85.0,130.0,41.0
164.0,88.0,130.0,41.0
165.0,90.0,130.0,41.0
167.0,91.0,130.0,41.0
168.0,93.0,130.0,41.0
172.0,95.0,132.0,41.0
177.0,97.0,133.0,41.0
181.0,99.0,135.0,41.0
184.0,100.0,135.0,41.0
188.0,102.0,135.0,41.0
191.0,103.0,135.0,41.0
193.0,103.0,135.0,41.0
194.0,104.0,135.0,41.0
196.0,104.0,135.0,41.0
198.0,105.0,135.0,41.0
199.0,106.0,135.0,42.0
201.0,107.0,135.0,42.0
205.0,109.0,133.0,43.0
210.0,110.0,131.0,44.0
214.0,112.0,129.0,45.0
217.0,115.0,128.0,45.0
219.0,117.0,127.0,45.0
222.0,120.0,126.0,45.0
225.0,124.0,124.0,45.0
228.0,129.0,123.0,44.0
231.0,133.0,121.0,44.0
232.0,136.0,121.0,44.0
234.0,140.0,121.0,44.0
235.0,143.0,121.0,44.0
236.0,145.0,121.0,44.0
238.0,148.0,121.0,44.0
239.0,150.0,121.0,44.0
242.0,153.0,121.0,42.0
246.0,157.0,121.0,41.0
249.0,160.0,121.0,39.0
250.0,159.0,121.0,36.0
250.0,158.0,121.0,34.0
251.0,157.0,121.0,31.0
252.0,155.0,119.0,30.0
253.0,154.0,116.0,29.0
254.0,152.0,114.0,28.0
257.0,148.0,114.0,28.0
261.0,145.0,114.0,28.0
264.0,141.0,114.0,28.0
263.0,138.0,114.0,28.0
261.0,134.0,114.0,28.0
260.0,131.0,114.0,28.0
259.0,128.0,114.0,28.0
259.0,124.0,114.0,28.0
258.0,121.0,114.0,28.0
257.0,120.0,113.0,28.0
257.0,118.0,112.0,28.0
256.0,117.0,111.0,28.0
258.0,117.0,111.0,28.0
260.0,117.0,111.0,28.0
262.0,117.0,111.0,28.0
266.0,113.0,110.0,28.0
269.0,110.0,109.0,28.0
273.0,106.0,108.0,28.0
275.0,103.0,106.0,28.0
276.0,99.0,104.0,28.0
278.0,96.0,102.0,28.0
281.0,91.0,100.0,28.0
284.0,85.0,99.0,28.0
287.0,80.0,97.0,28.0
282.0,76.0,101.0,29.0
278.0,71.0,105.0,29.0
273.0,67.0,109.0,30.0
271.0,63.0,105.0,30.0
268.0,60.0,102.0,30.0
266.0,56.0,98.0,30.0
260.0,53.0,98.0,30.0
253.0,51.0,98.0,30.0
247.0,48.0,98.0,30.0
240.0,48.0,98.0,30.0
234.0,47.0,98.0,30.0
227.0,47.0,98.0,30.0
221.0,49.0,98.0,30.0
215.0,52.0,98.0,31.0
209.0,54.0,98.0,31.0
204.0,61.0,98.0,31.0
198.0,67.0,98.0,31.0
193.0,74.0,98.0,31.0
193.0,77.0,98.0,31.0
192.0,80.0,98.0,31.0
192.0,83.0,98.0,31.0
192.0,83.0,96.0,31.0
193.0,83.0,94.0,31.0
193.0,83.0,92.0,31.0
193.0,81.0,92.0,31.0
194.0,78.0,92.0,31.0
194.0,76.0,92.0,31.0
195.0,72.0,90.0,31.0
197.0,68.0,87.0,31.0
198.0,64.0,85.0,31.0
198.0,64.0,85.0,31.0
198.0,64.0,85.0,31.0
198.0,64.0,85.0,31.0
198.0,62.0,85.0,31.0
199.0,61.0,85.0,31.0
199.0,59.0,85.0,31.0
197.0,60.0,86.0,33.0
194.0,60.0,88.0,34.0
192.0,61.0,89.0,36.0
188.0,62.0,90.0,37.0
185.0,64.0,91.0,38.0
181.0,65.0,92.0,39.0
179.0,67.0,91.0,39.0
178.0,68.0,90.0,39.0
176.0,70.0,89.0,39.0
174.0,72.0,89.0,39.0
171.0,73.0,89.0,39.0
169.0,75.0,89.0,39.0
166.0,78.0,89.0,39.0
164.0,82.0,89.0,39.0
161.0,85.0,89.0,39.0
159.0,86.0,89.0,39.0
158.0,88.0,89.0,39.0
156.0,89.0,89.0,39.0
157.0,91.0,86.0,39.0
159.0,94.0,84.0,39.0
160.0,96.0,81.0,39.0
160.0,98.0,80.0,38.0
159.0,101.0,80.0,36.0
159.0,103.0,79.0,35.0
159.0,105.0,79.0,35.0
159.0,108.0,79.0,34.0
159.0,110.0,79.0,34.0
160.0,111.0,79.0,33.0
160.0,112.0,79.0,32.0
161.0,113.0,79.0,31.0
165.0,110.0,76.0,31.0
169.0,107.0,73.0,31.0
173.0,104.0,70.0,31.0
174.0,102.0,72.0,31.0
175.0,99.0,73.0,31.0
176.0,97.0,75.0,31.0
183.0,94.0,73.0,30.0
191.0,92.0,70.0,30.0
198.0,89.0,68.0,29.0
203.0,84.0,68.0,29.0
209.0,79.0,68.0,29.0
214.0,74.0,68.0,29.0
216.0,70.0,71.0,29.0
219.0,67.0,74.0,29.0
221.0,63.0,77.0,29.0
227.0,59.0,77.0,26.0
234.0,54.0,77.0,23.0
240.0,50.0,77.0,20.0
250.0,47.0,75.0,19.0
260.0,43.0,73.0,18.0
270.0,40.0,71.0,17.0
272.0,35.0,73.0,18.0
275.0,29.0,75.0,20.0
277.0,24.0,77.0,21.0
278.0,23.0,75.0,21.0
278.0,22.0,73.0,21.0
279.0,21.0,71.0,21.0
281.0,16.0,71.0,23.0
283.0,11.0,71.0,26.0
285.0,6.0,71.0,28.0
291.0,4.0,60.0,25.0
296.0,3.0,49.0,21.0
302.0,1.0,38.0,18.0
311.0,1.0,30.0,15.0
319.0,1.0,23.0,12.0
328.0,1.0,15.0,9.0
nan,nan,nan,nan
nan,nan,nan,nan
nan,nan,nan,nan
nan,nan,nan,nan
nan,nan,nan,nan
nan,nan,nan,nan
nan,nan,nan,nan
nan,nan,nan,nan
nan,nan,nan,nan
nan,nan,nan,nan
nan,nan,nan,nan
nan,nan,nan,nan
nan,nan,nan,nan
nan,nan,nan,nan
265.0,15.0,55.0,25.0
262.0,24.0,55.0,25.0
258.0,33.0,55.0,25.0
255.0,42.0,55.0,25.0
250.0,51.0,55.0,25.0
245.0,59.0,55.0,25.0
240.0,68.0,55.0,25.0
235.0,73.0,55.0,25.0
229.0,78.0,55.0,25.0
224.0,83.0,55.0,25.0
219.0,84.0,55.0,25.0
213.0,86.0,55.0,25.0
208.0,87.0,55.0,25.0
202.0,88.0,55.0,25.0
196.0,89.0,55.0,25.0
190.0,90.0,55.0,25.0
184.0,89.0,55.0,25.0
179.0,87.0,55.0,25.0
173.0,86.0,55.0,25.0
169.0,86.0,55.0,25.0
164.0,86.0,55.0,25.0
160.0,86.0,55.0,25.0
152.0,86.0,58.0,26.0
145.0,86.0,60.0,28.0
137.0,86.0,63.0,29.0
135.0,90.0,63.0,28.0
134.0,93.0,63.0,27.0
132.0,97.0,63.0,26.0
130.0,99.0,63.0,26.0
128.0,100.0,63.0,26.0
126.0,102.0,63.0,26.0
125.0,102.0,63.0,26.0
125.0,103.0,63.0,27.0
124.0,103.0,63.0,27.0
118.0,105.0,63.0,27.0
113.0,108.0,63.0,27.0
107.0,110.0,63.0,27.0
111.0,112.0,62.0,27.0
114.0,113.0,62.0,27.0
118.0,115.0,61.0,27.0
111.0,116.0,61.0,27.0
103.0,116.0,61.0,27.0
96.0,117.0,61.0,27.0
95.0,118.0,61.0,27.0
94.0,120.0,61.0,27.0
93.0,121.0,61.0,27.0
93.0,122.0,61.0,27.0
92.0,124.0,61.0,27.0
92.0,125.0,61.0,27.0
93.0,126.0,61.0,25.0
94.0,127.0,61.0,24.0
95.0,128.0,61.0,22.0
97.0,130.0,60.0,22.0
99.0,133.0,60.0,22.0
101.0,135.0,59.0,22.0
105.0,137.0,58.0,22.0
108.0,139.0,57.0,22.0
112.0,141.0,56.0,22.0
115.0,142.0,55.0,22.0
117.0,144.0,55.0,21.0
120.0,145.0,54.0,21.0
125.0,146.0,53.0,21.0
129.0,146.0,52.0,21.0
134.0,147.0,51.0,21.0
139.0,150.0,49.0,20.0
144.0,153.0,48.0,20.0
149.0,156.0,46.0,19.0
152.0,158.0,46.0,19.0
156.0,159.0,46.0,19.0
159.0,161.0,46.0,19.0
165.0,163.0,44.0,18.0
172.0,164.0,42.0,18.0
178.0,166.0,40.0,17.0
183.0,167.0,40.0,17.0
189.0,168.0,40.0,17.0
194.0,169.0,40.0,17.0
202.0,167.0,39.0,17.0
209.0,166.0,39.0,17.0
217.0,164.0,38.0,17.0
222.0,163.0,38.0,17.0
228.0,161.0,38.0,17.0
233.0,160.0,38.0,17.0
242.0,161.0,37.0,17.0
250.0,163.0,36.0,17.0
259.0,164.0,35.0,17.0
266.0,165.0,35.0,17.0
272.0,165.0,35.0,17.0
279.0,166.0,35.0,17.0
284.0,166.0,34.0,17.0
288.0,166.0,32.0,17.0
293.0,166.0,31.0,17.0
296.0,164.0,30.0,16.0
298.0,163.0,30.0,16.0
301.0,161.0,29.0,15.0
302.0,159.0,29.0,15.0
302.0,158.0,29.0,15.0
303.0,156.0,29.0,15.0
301.0,155.0,29.0,15.0
300.0,155.0,29.0,15.0
298.0,154.0,29.0,15.0
296.0,154.0,29.0,15.0
293.0,153.0,29.0,15.0
291.0,153.0,29.0,15.0
292.0,150.0,28.0,15.0
293.0,148.0,28.0,14.0
294.0,145.0,27.0,14.0
296.0,144.0,27.0,14.0
297.0,142.0,27.0,14.0
299.0,141.0,27.0,14.0
303.0,140.0,27.0,13.0
306.0,139.0,27.0,12.0
310.0,138.0,27.0,11.0
313.0,136.0,27.0,11.0
317.0,133.0,27.0,11.0
320.0,131.0,27.0,11.0
321.0,129.0,27.0,11.0
322.0,126.0,27.0,11.0
323.0,124.0,27.0,11.0
323.0,125.0,27.0,11.0
324.0,125.0,27.0,11.0
324.0,126.0,27.0,11.0
324.0,125.0,27.0,11.0
323.0,124.0,27.0,11.0
323.0,123.0,27.0,11.0
322.0,122.0,27.0,11.0
320.0,121.0,27.0,11.0
319.0,120.0,27.0,11.0
319.0,117.0,27.0,11.0
318.0,115.0,27.0,11.0
318.0,112.0,27.0,11.0
317.0,111.0,27.0,11.0
317.0,109.0,27.0,11.0
316.0,108.0,27.0,11.0
317.0,108.0,27.0,11.0
317.0,108.0,27.0,11.0
318.0,108.0,27.0,11.0
319.0,109.0,27.0,11.0
321.0,111.0,27.0,11.0
322.0,112.0,27.0,11.0
323.0,117.0,27.0,12.0
325.0,121.0,27.0,12.0
326.0,126.0,27.0,13.0
328.0,133.0,27.0,13.0
331.0,140.0,27.0,13.0
333.0,147.0,27.0,13.0
335.0,152.0,27.0,13.0
336.0,156.0,27.0,13.0
338.0,161.0,27.0,13.0
340.0,163.0,28.0,14.0
342.0,166.0,29.0,15.0
344.0,168.0,30.0,16.0
348.0,168.0,30.0,16.0
351.0,167.0,30.0,16.0
355.0,167.0,30.0,16.0
356.0,168.0,31.0,16.0
358.0,170.0,33.0,17.0
359.0,171.0,34.0,17.0
363.0,172.0,34.0,17.0
366.0,173.0,34.0,17.0
370.0,174.0,34.0,17.0
373.0,175.0,36.0,19.0
375.0,177.0,37.0,20.0
378.0,178.0,39.0,22.0
381.0,179.0,39.0,22.0
385.0,180.0,39.0,22.0
388.0,181.0,39.0,22.0
395.0,183.0,39.0,23.0
402.0,184.0,40.0,23.0
409.0,186.0,40.0,24.0
417.0,187.0,41.0,25.0
424.0,187.0,42.0,27.0
432.0,188.0,43.0,28.0
435.0,189.0,43.0,28.0
438.0,189.0,43.0,28.0
441.0,190.0,43.0,28.0
442.0,191.0,44.0,30.0
442.0,191.0,44.0,31.0
443.0,192.0,45.0,33.0
442.0,196.0,47.0,33.0
440.0,200.0,49.0,34.0
439.0,204.0,51.0,34.0
439.0,207.0,53.0,34.0
440.0,209.0,55.0,34.0
440.0,212.0,57.0,34.0
442.0,214.0,58.0,35.0
443.0,217.0,58.0,35.0
445.0,219.0,59.0,36.0
451.0,221.0,59.0,36.0
458.0,224.0,59.0,36.0
464.0,226.0,59.0,36.0
470.0,228.0,63.0,35.0
476.0,230.0,67.0,35.0
482.0,232.0,71.0,34.0
486.0,234.0,72.0,35.0
491.0,236.0,74.0,36.0
495.0,238.0,75.0,37.0
501.0,241.0,75.0,37.0
507.0,245.0,75.0,37.0
513.0,248.0,75.0,37.0
515.0,250.0,79.0,37.0
516.0,252.0,84.0,37.0
518.0,254.0,88.0,37.0
522.0,254.0,88.0,37.0
527.0,255.0,88.0,37.0
531.0,255.0,88.0,37.0
537.0,255.0,87.0,35.0
543.0,255.0,87.0,32.0
549.0,255.0,86.0,30.0
551.0,251.0,86.0,28.0
554.0,247.0,86.0,27.0
556.0,243.0,86.0,25.0
557.0,240.0,84.0,25.0
558.0,238.0,83.0,25.0
559.0,235.0,81.0,25.0
557.0,231.0,81.0,25.0
556.0,228.0,81.0,25.0
554.0,224.0,81.0,25.0
551.0,219.0,78.0,26.0
549.0,213.0,74.0,26.0
546.0,208.0,71.0,27.0
541.0,204.0,71.0,27.0
536.0,201.0,71.0,27.0
531.0,197.0,71.0,27.0
523.0,190.0,67.0,27.0
515.0,182.0,64.0,27.0
507.0,175.0,60.0,27.0
497.0,167.0,58.0,28.0
488.0,160.0,56.0,29.0
478.0,152.0,54.0,30.0
472.0,149.0,53.0,30.0
467.0,145.0,52.0,30.0
461.0,142.0,51.0,30.0
456.0,139.0,49.0,30.0
451.0,135.0,48.0,30.0
446.0,132.0,46.0,30.0
445.0,131.0,46.0,31.0
444.0,130.0,46.0,31.0
443.0,129.0,46.0,32.0
443.0,131.0,46.0,32.0
444.0,134.0,46.0,32.0
444.0,136.0,46.0,32.0
445.0,138.0,45.0,32.0
447.0,141.0,45.0,32.0
448.0,143.0,44.0,32.0
448.0,146.0,44.0,32.0
449.0,150.0,44.0,32.0
449.0,153.0,44.0,32.0
450.0,157.0,43.0,32.0
452.0,162.0,42.0,32.0
453.0,166.0,41.0,32.0
453.0,166.0,41.0,33.0
452.0,166.0,41.0,34.0
452.0,166.0,41.0,35.0
451.0,168.0,41.0,35.0
451.0,171.0,41.0,35.0
450.0,173.0,41.0,35.0
449.0,176.0,41.0,35.0
448.0,179.0,41.0,35.0
447.0,182.0,41.0,35.0
445.0,182.0,41.0,36.0
443.0,183.0,41.0,37.0
441.0,183.0,41.0,38.0
438.0,186.0,41.0,38.0
435.0,189.0,41.0,37.0
432.0,192.0,41.0,37.0
428.0,194.0,41.0,38.0
425.0,196.0,41.0,38.0
421.0,198.0,41.0,39.0
419.0,201.0,41.0,39.0
417.0,205.0,41.0,39.0
415.0,208.0,41.0,39.0
417.0,214.0,41.0,40.0
419.0,219.0,41.0,42.0
421.0,225.0,41.0,43.0
424.0,233.0,41.0,43.0
427.0,242.0,41.0,43.0
430.0,250.0,41.0,43.0
432.0,255.0,42.0,44.0
434.0,260.0,42.0,44.0
436.0,265.0,43.0,45.0
437.0,273.0,43.0,45.0
439.0,282.0,43.0,45.0
440.0,290.0,43.0,45.0
439.0,296.0,43.0,45.0
439.0,303.0,43.0,45.0
438.0,309.0,43.0,45.0
433.0,314.0,46.0,45.0
429.0,320.0,48.0,45.0
424.0,325.0,51.0,45.0
420.0,327.0,52.0,45.0
416.0,328.0,54.0,46.0
412.0,330.0,55.0,46.0
406.0,333.0,55.0,45.0
399.0,336.0,55.0,43.0
393.0,339.0,55.0,42.0
387.0,342.0,55.0,40.0
380.0,344.0,55.0,38.0
374.0,347.0,55.0,36.0
369.0,349.0,57.0,35.0
364.0,351.0,58.0,35.0
359.0,353.0,60.0,34.0
354.0,353.0,60.0,32.0
349.0,352.0,60.0,31.0
344.0,352.0,60.0,29.0
341.0,347.0,60.0,29.0
338.0,343.0,60.0,29.0
335.0,338.0,60.0,29.0
334.0,334.0,59.0,29.0
334.0,330.0,58.0,28.0
333.0,326.0,57.0,28.0
333.0,318.0,56.0,28.0
333.0,311.0,56.0,28.0
333.0,303.0,55.0,28.0
335.0,296.0,54.0,26.0
336.0,288.0,52.0,25.0
338.0,281.0,51.0,23.0
340.0,276.0,50.0,23.0
342.0,271.0,48.0,23.0
344.0,266.0,47.0,23.0
346.0,258.0,46.0,21.0
347.0,249.0,46.0,19.0
349.0,241.0,45.0,17.0
348.0,233.0,45.0,17.0
348.0,225.0,45.0,17.0
347.0,217.0,45.0,17.0
346.0,212.0,45.0,17.0
345.0,206.0,45.0,17.0
344.0,201.0,45.0,17.0
340.0,197.0,45.0,16.0
337.0,192.0,44.0,15.0
333.0,188.0,44.0,14.0
331.0,184.0,43.0,14.0
329.0,180.0,42.0,14.0
327.0,176.0,41.0,14.0
325.0,173.0,41.0,14.0
323.0,171.0,41.0,14.0
321.0,168.0,41.0,14.0
322.0,166.0,40.0,14.0
322.0,163.0,39.0,14.0
323.0,161.0,38.0,14.0
321.0,157.0,38.0,14.0
320.0,153.0,38.0,14.0
318.0,149.0,38.0,14.0
316.0,143.0,37.0,13.0
313.0,136.0,36.0,13.0
311.0,130.0,35.0,12.0
309.0,125.0,35.0,12.0
306.0,120.0,34.0,13.0
304.0,115.0,34.0,13.0
299.0,110.0,35.0,13.0
293.0,104.0,36.0,13.0
288.0,99.0,37.0,13.0
285.0,95.0,37.0,13.0
282.0,90.0,37.0,13.0
279.0,86.0,37.0,13.0
278.0,83.0,36.0,13.0
278.0,81.0,36.0,13.0
277.0,78.0,35.0,13.0
275.0,75.0,35.0,13.0
273.0,72.0,35.0,13.0
271.0,69.0,35.0,13.0
269.0,69.0,35.0,13.0
266.0,70.0,35.0,13.0
264.0,70.0,35.0,13.0
264.0,72.0,34.0,13.0
265.0,73.0,32.0,13.0
265.0,75.0,31.0,13.0
263.0,78.0,31.0,13.0
261.0,80.0,31.0,13.0
259.0,83.0,31.0,13.0
259.0,87.0,31.0,13.0
259.0,91.0,31.0,13.0
259.0,95.0,31.0,13.0
258.0,98.0,31.0,13.0
256.0,102.0,31.0,13.0
255.0,105.0,31.0,13.0
255.0,108.0,31.0,14.0
256.0,110.0,32.0,14.0
256.0,113.0,32.0,15.0
257.0,118.0,32.0,15.0
257.0,122.0,31.0,14.0
258.0,127.0,31.0,14.0
259.0,131.0,31.0,14.0
259.0,135.0,31.0,14.0
260.0,139.0,31.0,14.0
262.0,141.0,31.0,15.0
265.0,142.0,30.0,16.0
267.0,144.0,30.0,17.0
269.0,144.0,31.0,17.0
270.0,144.0,32.0,17.0
272.0,144.0,33.0,17.0
272.0,144.0,33.0,17.0
273.0,144.0,33.0,17.0
273.0,144.0,33.0,17.0
275.0,144.0,33.0,17.0
277.0,144.0,33.0,17.0
279.0,144.0,33.0,17.0
280.0,144.0,33.0,17.0
280.0,144.0,33.0,17.0
281.0,144.0,33.0,17.0
282.0,144.0,33.0,17.0
284.0,144.0,33.0,17.0
285.0,144.0,33.0,17.0
286.0,145.0,33.0,17.0
286.0,145.0,33.0,17.0
287.0,146.0,33.0,17.0
289.0,148.0,33.0,17.0
292.0,149.0,33.0,17.0
294.0,151.0,33.0,17.0
297.0,152.0,33.0,17.0
300.0,153.0,33.0,17.0
303.0,154.0,33.0,17.0
303.0,155.0,33.0,16.0
304.0,157.0,33.0,14.0
304.0,158.0,33.0,13.0
304.0,159.0,33.0,13.0
304.0,160.0,33.0,13.0
304.0,161.0,33.0,13.0
304.0,162.0,33.0,13.0
304.0,162.0,33.0,13.0
304.0,163.0,33.0,13.0
304.0,163.0,34.0,13.0
304.0,163.0,35.0,13.0
304.0,163.0,36.0,13.0
304.0,162.0,36.0,13.0
304.0,162.0,36.0,13.0
304.0,161.0,36.0,13.0
307.0,160.0,37.0,13.0
310.0,158.0,37.0,13.0
313.0,157.0,38.0,13.0
313.0,157.0,38.0,13.0
314.0,158.0,38.0,13.0
314.0,158.0,38.0,13.0
316.0,159.0,38.0,13.0
317.0,159.0,38.0,13.0
319.0,160.0,38.0,13.0
320.0,160.0,38.0,13.0
320.0,161.0,38.0,13.0
321.0,161.0,38.0,13.0
321.0,161.0,38.0,13.0
321.0,161.0,38.0,13.0
321.0,161.0,38.0,13.0
321.0,160.0,39.0,13.0
322.0,159.0,41.0,13.0
322.0,158.0,42.0,13.0
322.0,158.0,42.0,13.0
323.0,157.0,42.0,13.0
323.0,157.0,42.0,13.0
324.0,155.0,42.0,13.0
324.0,152.0,42.0,13.0
325.0,150.0,42.0,13.0
325.0,148.0,42.0,13.0
324.0,147.0,42.0,13.0
324.0,145.0,42.0,13.0
323.0,142.0,42.0,13.0
323.0,140.0,42.0,13.0
322.0,137.0,42.0,13.0
321.0,137.0,42.0,13.0
321.0,136.0,42.0,13.0
320.0,136.0,42.0,13.0
319.0,136.0,42.0,13.0
319.0,137.0,41.0,13.0
318.0,137.0,41.0,13.0
318.0,137.0,41.0,13.0
318.0,137.0,41.0,13.0
318.0,137.0,41.0,13.0
318.0,136.0,41.0,13.0
318.0,135.0,41.0,13.0
318.0,134.0,41.0,13.0
317.0,133.0,42.0,14.0
317.0,131.0,43.0,16.0
316.0,130.0,44.0,17.0
314.0,130.0,44.0,17.0
313.0,129.0,44.0,17.0
311.0,129.0,44.0,17.0
310.0,129.0,44.0,17.0
309.0,129.0,44.0,17.0
308.0,129.0,44.0,17.0
307.0,129.0,45.0,17.0
307.0,129.0,45.0,17.0
306.0,129.0,46.0,17.0
305.0,129.0,47.0,17.0
305.0,129.0,47.0,18.0
304.0,129.0,48.0,18.0
304.0,132.0,48.0,18.0
303.0,136.0,48.0,18.0
303.0,139.0,48.0,18.0
303.0,140.0,48.0,18.0
304.0,142.0,48.0,18.0
304.0,143.0,48.0,18.0
305.0,145.0,48.0,17.0
307.0,146.0,48.0,15.0
308.0,148.0,48.0,14.0
308.0,149.0,48.0,14.0
307.0,150.0,48.0,14.0
307.0,151.0,48.0,14.0
306.0,152.0,48.0,14.0
306.0,152.0,48.0,14.0
305.0,153.0,48.0,14.0
305.0,152.0,48.0,14.0
305.0,151.0,48.0,14.0
305.0,150.0,48.0,14.0
305.0,146.0,49.0,14.0
304.0,141.0,50.0,14.0
304.0,137.0,51.0,14.0
305.0,133.0,51.0,14.0
305.0,130.0,51.0,14.0
306.0,126.0,51.0,14.0
306.0,124.0,51.0,14.0
306.0,121.0,51.0,14.0
306.0,119.0,51.0,14.0
306.0,116.0,52.0,14.0
305.0,112.0,52.0,14.0
305.0,109.0,53.0,14.0
304.0,107.0,55.0,14.0
304.0,106.0,56.0,14.0
303.0,104.0,58.0,14.0
302.0,104.0,58.0,14.0
300.0,104.0,58.0,14.0
299.0,104.0,58.0,14.0
299.0,103.0,58.0,14.0
298.0,103.0,58.0,14.0
298.0,102.0,58.0,14.0
297.0,101.0,59.0,14.0
297.0,100.0,59.0,14.0
296.0,99.0,60.0,14.0
296.0,99.0,60.0,14.0
296.0,99.0,60.0,14.0
296.0,99.0,60.0,14.0
296.0,99.0,61.0,16.0
296.0,99.0,62.0,17.0
296.0,99.0,63.0,19.0
298.0,100.0,63.0,18.0
299.0,101.0,63.0,16.0
301.0,102.0,63.0,15.0
302.0,104.0,63.0,15.0
302.0,105.0,63.0,15.0
303.0,107.0,63.0,15.0
303.0,112.0,64.0,15.0
303.0,118.0,64.0,15.0
303.0,123.0,65.0,15.0
304.0,125.0,65.0,15.0
304.0,126.0,65.0,15.0
305.0,128.0,65.0,15.0
306.0,129.0,65.0,15.0
306.0,131.0,65.0,15.0
307.0,132.0,65.0,15.0
316.0,132.0,50.0,15.0
325.0,133.0,35.0,15.0
334.0,133.0,20.0,15.0
333.0,134.0,20.0,15.0
332.0,135.0,20.0,15.0
331.0,136.0,20.0,15.0
331.0,136.0,20.0,15.0
330.0,135.0,20.0,15.0
330.0,135.0,20.0,15.0
325.0,136.0,31.0,15.0
320.0,136.0,42.0,15.0
315.0,137.0,53.0,15.0
316.0,139.0,53.0,16.0
318.0,142.0,53.0,16.0
319.0,144.0,53.0,17.0
322.0,144.0,53.0,17.0
324.0,144.0,53.0,17.0
327.0,144.0,53.0,17.0
328.0,144.0,53.0,17.0
329.0,145.0,53.0,17.0
330.0,145.0,53.0,17.0
334.0,145.0,53.0,17.0
338.0,146.0,53.0,17.0
342.0,146.0,53.0,17.0
345.0,149.0,53.0,17.0
347.0,151.0,53.0,17.0
350.0,154.0,53.0,17.0
355.0,156.0,54.0,18.0
360.0,159.0,55.0,19.0
365.0,161.0,56.0,20.0
367.0,163.0,56.0,20.0
369.0,164.0,56.0,20.0
371.0,166.0,56.0,20.0
373.0,168.0,64.0,21.0
375.0,171.0,73.0,22.0
377.0,173.0,81.0,23.0
379.0,175.0,81.0,23.0
380.0,178.0,81.0,23.0
382.0,180.0,81.0,23.0
385.0,183.0,83.0,23.0
387.0,186.0,86.0,23.0
390.0,189.0,88.0,23.0
392.0,191.0,88.0,23.0
394.0,192.0,88.0,23.0
396.0,194.0,88.0,23.0
397.0,195.0,88.0,23.0
399.0,195.0,88.0,23.0
400.0,196.0,88.0,23.0
400.0,196.0,88.0,23.0
400.0,196.0,88.0,23.0
400.0,196.0,88.0,23.0
399.0,197.0,88.0,23.0
398.0,199.0,88.0,23.0
397.0,200.0,88.0,23.0
396.0,203.0,88.0,22.0
394.0,205.0,88.0,22.0
393.0,208.0,88.0,21.0
393.0,210.0,88.0,21.0
392.0,211.0,88.0,21.0
392.0,213.0,88.0,21.0
391.0,214.0,88.0,21.0
391.0,214.0,88.0,21.0
390.0,215.0,88.0,21.0
390.0,216.0,88.0,22.0
391.0,217.0,88.0,23.0
391.0,218.0,88.0,24.0
391.0,220.0,88.0,24.0
391.0,221.0,88.0,24.0
391.0,223.0,88.0,24.0
391.0,224.0,88.0,24.0
391.0,225.0,88.0,24.0
391.0,226.0,88.0,24.0
390.0,226.0,88.0,24.0
390.0,227.0,88.0,24.0
389.0,227.0,88.0,24.0
388.0,227.0,88.0,24.0
388.0,228.0,88.0,24.0
387.0,228.0,88.0,24.0
384.0,229.0,88.0,25.0
381.0,230.0,88.0,25.0
378.0,231.0,88.0,26.0
377.0,232.0,88.0,27.0
377.0,233.0,88.0,28.0
376.0,234.0,88.0,29.0
375.0,234.0,88.0,29.0
374.0,235.0,88.0,30.0
373.0,235.0,88.0,30.0
371.0,235.0,88.0,30.0
370.0,235.0,88.0,30.0
368.0,235.0,88.0,30.0
367.0,235.0,88.0,30.0
366.0,235.0,88.0,30.0
365.0,235.0,88.0,30.0
367.0,235.0,86.0,30.0
368.0,235.0,85.0,30.0
370.0,235.0,83.0,30.0
370.0,232.0,83.0,32.0
370.0,230.0,83.0,34.0
370.0,227.0,83.0,36.0
369.0,227.0,83.0,36.0
368.0,228.0,83.0,36.0
367.0,228.0,83.0,36.0
364.0,227.0,83.0,36.0
360.0,227.0,83.0,36.0
357.0,226.0,83.0,36.0
356.0,224.0,82.0,37.0
356.0,223.0,81.0,38.0
355.0,221.0,80.0,39.0
350.0,219.0,80.0,39.0
345.0,216.0,80.0,39.0
340.0,214.0,80.0,39.0
334.0,214.0,80.0,39.0
328.0,213.0,80.0,40.0
322.0,213.0,80.0,40.0
322.0,214.0,80.0,40.0
321.0,214.0,80.0,40.0
321.0,215.0,80.0,40.0
323.0,217.0,80.0,40.0
324.0,218.0,80.0,41.0
326.0,220.0,80.0,41.0
329.0,220.0,80.0,41.0
331.0,220.0,80.0,40.0
334.0,220.0,80.0,40.0
336.0,220.0,80.0,40.0
338.0,220.0,80.0,40.0
340.0,220.0,80.0,40.0
339.0,220.0,85.0,40.0
339.0,219.0,91.0,40.0
338.0,219.0,96.0,40.0
336.0,216.0,96.0,40.0
334.0,214.0,96.0,40.0
332.0,211.0,96.0,40.0
331.0,210.0,97.0,40.0
329.0,208.0,97.0,40.0
328.0,207.0,98.0,40.0
324.0,206.0,98.0,40.0
321.0,204.0,98.0,40.0
317.0,203.0,98.0,40.0
315.0,202.0,98.0,40.0
313.0,202.0,98.0,40.0
311.0,201.0,98.0,40.0
307.0,201.0,99.0,38.0
304.0,200.0,100.0,36.0
300.0,200.0,101.0,34.0
299.0,200.0,100.0,32.0
298.0,201.0,98.0,30.0
297.0,201.0,97.0,28.0
297.0,201.0,97.0,28.0
297.0,201.0,97.0,28.0
297.0,201.0,97.0,28.0
297.0,201.0,97.0,28.0
297.0,201.0,97.0,28.0
297.0,201.0,97.0,28.0
298.0,201.0,97.0,28.0
298.0,200.0,97.0,28.0
299.0,200.0,97.0,28.0
296.0,199.0,97.0,26.0
292.0,198.0,97.0,24.0
289.0,197.0,97.0,22.0
286.0,195.0,94.0,22.0
284.0,192.0,92.0,22.0
281.0,190.0,89.0,22.0
278.0,190.0,89.0,22.0
276.0,191.0,89.0,22.0
273.0,191.0,89.0,22.0
272.0,191.0,88.0,21.0
271.0,191.0,86.0,21.0
270.0,191.0,85.0,20.0
270.0,191.0,85.0,20.0
270.0,191.0,85.0,20.0
270.0,191.0,85.0,20.0
272.0,190.0,83.0,20.0
273.0,190.0,82.0,19.0
275.0,189.0,80.0,19.0
281.0,189.0,77.0,19.0
287.0,190.0,75.0,19.0
293.0,190.0,72.0,19.0
296.0,190.0,71.0,19.0
298.0,191.0,70.0,19.0
301.0,191.0,69.0,19.0
303.0,190.0,69.0,19.0
305.0,190.0,68.0,19.0
307.0,189.0,68.0,19.0
309.0,187.0,68.0,19.0
310.0,185.0,68.0,19.0
312.0,183.0,68.0,19.0
312.0,179.0,68.0,19.0
312.0,175.0,68.0,19.0
312.0,171.0,68.0,19.0
312.0,169.0,68.0,19.0
312.0,167.0,68.0,19.0
312.0,165.0,68.0,19.0
309.0,163.0,69.0,20.0
307.0,162.0,69.0,22.0
304.0,160.0,70.0,23.0
300.0,159.0,70.0,23.0
295.0,157.0,70.0,24.0
291.0,156.0,70.0,24.0
290.0,155.0,70.0,24.0
289.0,155.0,70.0,24.0
288.0,154.0,70.0,24.0
290.0,151.0,69.0,25.0
293.0,148.0,68.0,25.0
295.0,145.0,67.0,26.0
298.0,144.0,68.0,26.0
300.0,142.0,68.0,26.0
303.0,141.0,69.0,26.0
306.0,140.0,69.0,27.0
309.0,138.0,70.0,27.0
312.0,137.0,70.0,28.0
314.0,136.0,69.0,28.0
317.0,135.0,68.0,27.0
319.0,134.0,67.0,27.0
323.0,132.0,67.0,27.0
326.0,129.0,67.0,27.0
330.0,127.0,67.0,27.0
332.0,123.0,67.0,28.0
335.0,119.0,67.0,28.0
337.0,115.0,67.0,29.0
338.0,112.0,67.0,29.0
339.0,108.0,67.0,29.0
340.0,105.0,67.0,29.0
341.0,100.0,67.0,30.0
343.0,96.0,67.0,30.0
344.0,91.0,67.0,31.0
344.0,88.0,67.0,31.0
343.0,85.0,67.0,31.0
343.0,82.0,67.0,31.0
343.0,80.0,67.0,31.0
343.0,79.0,67.0,31.0
343.0,77.0,67.0,31.0
343.0,74.0,67.0,32.0
343.0,72.0,66.0,32.0
343.0,69.0,66.0,33.0
342.0,67.0,66.0,34.0
341.0,66.0,66.0,34.0
340.0,64.0,66.0,35.0
338.0,63.0,66.0,35.0
337.0,62.0,66.0,35.0
335.0,61.0,66.0,35.0
333.0,59.0,66.0,35.0
330.0,56.0,66.0,35.0
328.0,54.0,66.0,35.0
325.0,52.0,66.0,36.0
321.0,50.0,66.0,37.0
318.0,48.0,66.0,38.0
314.0,46.0,67.0,39.0
311.0,45.0,68.0,39.0
307.0,43.0,69.0,40.0
303.0,43.0,69.0,40.0
299.0,42.0,69.0,40.0
295.0,42.0,69.0,40.0
295.0,40.0,69.0,40.0
295.0,39.0,69.0,40.0
295.0,37.0,69.0,40.0
296.0,35.0,69.0,40.0
296.0,33.0,69.0,40.0
297.0,31.0,69.0,40.0
296.0,30.0,69.0,40.0
294.0,30.0,69.0,40.0
293.0,29.0,69.0,40.0
293.0,26.0,69.0,37.0
293.0,23.0,69.0,35.0
293.0,20.0,69.0,32.0
293.0,19.0,69.0,30.0
293.0,17.0,69.0,29.0
293.0,16.0,69.0,27.0
296.0,15.0,69.0,27.0
300.0,13.0,69.0,27.0
303.0,12.0,69.0,27.0
308.0,8.0,69.0,26.0
314.0,5.0,69.0,25.0
319.0,1.0,69.0,24.0
nan,nan,nan,nan
nan,nan,nan,nan
nan,nan,nan,nan
nan,nan,nan,nan
nan,nan,nan,nan
nan,nan,nan,nan
nan,nan,nan,nan
nan,nan,nan,nan
nan,nan,nan,nan
nan,nan,nan,nan
nan,nan,nan,nan
nan,nan,nan,nan
nan,nan,nan,nan
nan,nan,nan,nan
nan,nan,nan,nan
nan,nan,nan,nan
nan,nan,nan,nan
nan,nan,nan,nan
nan,nan,nan,nan
nan,nan,nan,nan
nan,nan,nan,nan
nan,nan,nan,nan
nan,nan,nan,nan
nan,nan,nan,nan
nan,nan,nan,nan
nan,nan,nan,nan
nan,nan,nan,nan
nan,nan,nan,nan
nan,nan,nan,nan
nan,nan,nan,nan
nan,nan,nan,nan
nan,nan,nan,nan
313.0,1.0,36.0,11.0
309.0,1.0,39.0,13.0
305.0,1.0,41.0,15.0
301.0,1.0,44.0,17.0
297.0,4.0,44.0,17.0
292.0,7.0,44.0,17.0
288.0,10.0,44.0,17.0
285.0,12.0,44.0,17.0
281.0,15.0,44.0,17.0
278.0,17.0,44.0,17.0
276.0,19.0,44.0,17.0
273.0,20.0,44.0,17.0
271.0,22.0,44.0,17.0
269.0,23.0,43.0,17.0
268.0,25.0,42.0,17.0
266.0,26.0,41.0,17.0
265.0,27.0,41.0,17.0
264.0,29.0,41.0,17.0
263.0,30.0,41.0,17.0
263.0,30.0,41.0,17.0
262.0,29.0,41.0,17.0
262.0,29.0,41.0,17.0
264.0,29.0,41.0,17.0
267.0,30.0,41.0,17.0
269.0,30.0,41.0,17.0
272.0,29.0,40.0,17.0
274.0,29.0,39.0,17.0
277.0,28.0,38.0,17.0
276.0,26.0,38.0,17.0
274.0,25.0,38.0,17.0
273.0,23.0,38.0,17.0
276.0,21.0,34.0,17.0
280.0,20.0,30.0,17.0
283.0,18.0,26.0,17.0
287.0,17.0,26.0,17.0
291.0,17.0,26.0,17.0
295.0,16.0,26.0,17.0
297.0,15.0,28.0,18.0
298.0,15.0,30.0,18.0
300.0,14.0,32.0,19.0
302.0,13.0,33.0,20.0
303.0,11.0,35.0,20.0
305.0,10.0,36.0,21.0
306.0,9.0,36.0,21.0
307.0,9.0,36.0,21.0
308.0,8.0,36.0,21.0
310.0,8.0,36.0,21.0
311.0,7.0,36.0,21.0
313.0,7.0,36.0,21.0
314.0,7.0,36.0,21.0
315.0,8.0,36.0,21.0
316.0,8.0,36.0,21.0
317.0,8.0,36.0,21.0
318.0,9.0,36.0,21.0
319.0,9.0,36.0,21.0
319.0,9.0,36.0,21.0
319.0,9.0,36.0,21.0
319.0,9.0,36.0,21.0
318.0,10.0,38.0,21.0
318.0,11.0,39.0,21.0
317.0,12.0,41.0,21.0
317.0,14.0,41.0,21.0
317.0,15.0,41.0,21.0
317.0,17.0,41.0,21.0
317.0,17.0,41.0,20.0
316.0,18.0,41.0,19.0
316.0,18.0,41.0,18.0
315.0,18.0,42.0,18.0
315.0,17.0,43.0,18.0
314.0,17.0,44.0,18.0
315.0,17.0,44.0,18.0
316.0,16.0,44.0,18.0
317.0,16.0,44.0,18.0
321.0,15.0,39.0,17.0
324.0,15.0,35.0,16.0
328.0,14.0,30.0,15.0
328.0,13.0,35.0,15.0
327.0,12.0,41.0,15.0
327.0,11.0,46.0,15.0
331.0,11.0,46.0,15.0
335.0,11.0,46.0,15.0
339.0,11.0,46.0,15.0
339.0,11.0,49.0,15.0
338.0,11.0,52.0,15.0
338.0,11.0,55.0,15.0
341.0,12.0,55.0,15.0
345.0,13.0,55.0,15.0
348.0,14.0,55.0,15.0
351.0,17.0,57.0,15.0
355.0,19.0,59.0,15.0
358.0,22.0,61.0,15.0
359.0,24.0,62.0,17.0
359.0,25.0,64.0,19.0
360.0,27.0,65.0,21.0
362.0,31.0,65.0,21.0
365.0,36.0,65.0,21.0
367.0,40.0,65.0,21.0
373.0,42.0,65.0,21.0
378.0,45.0,65.0,21.0
384.0,47.0,65.0,21.0
391.0,50.0,68.0,22.0
398.0,54.0,71.0,22.0
405.0,57.0,74.0,23.0
409.0,57.0,74.0,23.0
414.0,58.0,74.0,23.0
418.0,58.0,74.0,23.0
427.0,58.0,74.0,23.0
435.0,59.0,74.0,23.0
444.0,59.0,74.0,23.0
453.0,57.0,74.0,24.0
461.0,56.0,74.0,25.0
470.0,54.0,74.0,26.0
473.0,54.0,74.0,26.0
477.0,54.0,74.0,26.0
480.0,54.0,74.0,26.0
479.0,54.0,74.0,26.0
478.0,54.0,74.0,26.0
477.0,54.0,74.0,26.0
473.0,55.0,75.0,27.0
468.0,56.0,76.0,28.0
464.0,57.0,77.0,29.0
458.0,59.0,76.0,29.0
453.0,61.0,76.0,30.0
447.0,63.0,75.0,30.0
443.0,63.0,75.0,30.0
438.0,64.0,75.0,30.0
434.0,64.0,75.0,30.0
428.0,64.0,75.0,30.0
421.0,65.0,75.0,30.0
415.0,65.0,75.0,30.0
408.0,67.0,75.0,30.0
401.0,68.0,75.0,30.0
394.0,70.0,75.0,30.0
389.0,71.0,75.0,30.0
383.0,71.0,75.0,30.0
378.0,72.0,75.0,30.0
369.0,74.0,75.0,30.0
361.0,75.0,75.0,30.0
352.0,77.0,75.0,30.0
345.0,79.0,75.0,30.0
338.0,80.0,75.0,30.0
331.0,82.0,75.0,30.0
329.0,84.0,75.0,30.0
328.0,85.0,75.0,30.0
326.0,87.0,75.0,30.0
329.0,89.0,75.0,31.0
332.0,92.0,75.0,31.0
335.0,94.0,75.0,32.0
340.0,97.0,75.0,32.0
346.0,100.0,75.0,32.0
351.0,103.0,75.0,32.0
354.0,104.0,75.0,32.0
356.0,106.0,75.0,32.0
359.0,107.0,75.0,32.0
362.0,110.0,78.0,34.0
364.0,112.0,80.0,36.0
367.0,115.0,83.0,38.0
362.0,116.0,87.0,38.0
357.0,116.0,90.0,39.0
352.0,117.0,94.0,39.0
349.0,116.0,94.0,42.0
347.0,115.0,94.0,44.0
344.0,114.0,94.0,47.0
339.0,114.0,98.0,49.0
334.0,115.0,101.0,52.0
329.0,115.0,105.0,54.0
328.0,117.0,108.0,57.0
327.0,118.0,111.0,61.0
326.0,120.0,114.0,64.0
326.0,120.0,120.0,68.0
326.0,120.0,125.0,71.0
326.0,120.0,131.0,75.0
328.0,120.0,135.0,77.0
329.0,121.0,138.0,80.0
331.0,121.0,142.0,82.0
331.0,121.0,153.0,89.0
331.0,121.0,164.0,95.0
331.0,121.0,175.0,102.0
331.0,124.0,193.0,117.0
330.0,126.0,211.0,131.0
330.0,129.0,229.0,146.0
327.0,136.0,248.0,185.0
325.0,143.0,268.0,223.0
322.0,150.0,287.0,262.0
356.0,189.0,290.0,245.0
391.0,229.0,292.0,229.0
425.0,268.0,295.0,212.0
nan,nan,nan,nan
nan,nan,nan,nan
nan,nan,nan,nan
nan,nan,nan,nan
nan,nan,nan,nan
nan,nan,nan,nan
nan,nan,nan,nan
nan,nan,nan,nan
nan,nan,nan,nan
nan,nan,nan,nan
nan,nan,nan,nan
nan,nan,nan,nan
nan,nan,nan,nan
nan,nan,nan,nan
nan,nan,nan,nan
nan,nan,nan,nan
nan,nan,nan,nan
nan,nan,nan,nan
nan,nan,nan,nan
nan,nan,nan,nan
nan,nan,nan,nan
nan,nan,nan,nan
nan,nan,nan,nan
nan,nan,nan,nan
nan,nan,nan,nan
nan,nan,nan,nan
nan,nan,nan,nan
nan,nan,nan,nan
nan,nan,nan,nan
nan,nan,nan,nan
nan,nan,nan,nan
nan,nan,nan,nan
nan,nan,nan,nan
nan,nan,nan,nan
nan,nan,nan,nan
nan,nan,nan,nan
nan,nan,nan,nan
nan,nan,nan,nan
nan,nan,nan,nan
nan,nan,nan,nan
nan,nan,nan,nan
nan,nan,nan,nan
nan,nan,nan,nan
nan,nan,nan,nan
nan,nan,nan,nan
nan,nan,nan,nan
nan,nan,nan,nan
nan,nan,nan,nan
nan,nan,nan,nan
nan,nan,nan,nan
nan,nan,nan,nan
nan,nan,nan,nan
nan,nan,nan,nan
nan,nan,nan,nan
nan,nan,nan,nan
nan,nan,nan,nan
nan,nan,nan,nan
nan,nan,nan,nan
nan,nan,nan,nan
nan,nan,nan,nan
nan,nan,nan,nan
nan,nan,nan,nan
nan,nan,nan,nan
nan,nan,nan,nan
nan,nan,nan,nan
nan,nan,nan,nan
nan,nan,nan,nan
nan,nan,nan,nan
nan,nan,nan,nan
nan,nan,nan,nan
nan,nan,nan,nan
nan,nan,nan,nan
nan,nan,nan,nan
nan,nan,nan,nan
nan,nan,nan,nan
nan,nan,nan,nan
nan,nan,nan,nan
nan,nan,nan,nan
nan,nan,nan,nan
nan,nan,nan,nan
nan,nan,nan,nan
nan,nan,nan,nan
nan,nan,nan,nan
4.0,245.0,22.0,20.0
24.0,241.0,21.0,19.0
43.0,236.0,20.0,17.0
63.0,232.0,19.0,16.0
83.0,230.0,19.0,16.0
102.0,228.0,19.0,16.0
122.0,226.0,19.0,16.0
136.0,226.0,19.0,16.0
150.0,225.0,19.0,16.0
164.0,225.0,19.0,16.0
182.0,222.0,19.0,16.0
200.0,219.0,19.0,16.0
218.0,216.0,19.0,16.0
228.0,210.0,21.0,16.0
239.0,205.0,23.0,16.0
249.0,199.0,25.0,16.0
252.0,197.0,25.0,16.0
255.0,194.0,25.0,16.0
258.0,192.0,25.0,16.0
259.0,192.0,25.0,16.0
260.0,192.0,25.0,16.0
261.0,192.0,25.0,16.0
262.0,193.0,23.0,16.0
264.0,193.0,21.0,16.0
265.0,194.0,19.0,16.0
264.0,193.0,19.0,16.0
262.0,193.0,19.0,16.0
261.0,192.0,19.0,16.0
261.0,191.0,19.0,16.0
262.0,190.0,19.0,16.0
262.0,189.0,19.0,16.0
262.0,190.0,20.0,16.0
263.0,192.0,20.0,16.0
263.0,193.0,21.0,16.0
263.0,195.0,21.0,16.0
263.0,196.0,21.0,16.0
263.0,198.0,21.0,16.0
266.0,200.0,21.0,16.0
269.0,203.0,21.0,16.0
272.0,205.0,21.0,16.0
274.0,206.0,21.0,16.0
275.0,206.0,21.0,16.0
277.0,207.0,21.0,16.0
279.0,205.0,21.0,16.0
281.0,204.0,21.0,16.0
283.0,202.0,21.0,16.0
285.0,202.0,22.0,16.0
288.0,202.0,23.0,17.0
290.0,202.0,24.0,17.0
293.0,204.0,24.0,17.0
297.0,205.0,24.0,17.0
300.0,207.0,24.0,17.0
304.0,210.0,24.0,17.0
307.0,212.0,24.0,17.0
311.0,215.0,24.0,17.0
314.0,217.0,24.0,18.0
317.0,218.0,24.0,18.0
320.0,220.0,24.0,19.0
324.0,224.0,25.0,19.0
329.0,229.0,25.0,19.0
333.0,233.0,26.0,19.0
334.0,237.0,26.0,19.0
334.0,241.0,26.0,19.0
335.0,245.0,26.0,19.0
328.0,248.0,26.0,19.0
322.0,250.0,26.0,19.0
315.0,253.0,26.0,19.0
299.0,257.0,26.0,19.0
284.0,261.0,26.0,19.0
268.0,265.0,26.0,19.0
252.0,272.0,27.0,19.0
237.0,279.0,28.0,20.0
221.0,286.0,29.0,20.0
212.0,291.0,29.0,20.0
203.0,297.0,29.0,20.0
194.0,302.0,29.0,20.0
181.0,309.0,29.0,20.0
169.0,316.0,29.0,20.0
156.0,323.0,29.0,20.0
146.0,330.0,29.0,20.0
135.0,336.0,29.0,20.0
125.0,343.0,29.0,20.0
120.0,348.0,29.0,21.0
116.0,352.0,29.0,21.0
111.0,357.0,29.0,22.0
106.0,362.0,30.0,23.0
102.0,367.0,31.0,25.0
97.0,372.0,32.0,26.0
96.0,375.0,32.0,26.0
96.0,379.0,32.0,26.0
95.0,382.0,32.0,26.0
95.0,383.0,32.0,26.0
96.0,385.0,32.0,26.0
96.0,386.0,32.0,26.0
96.0,386.0,34.0,26.0
96.0,386.0,37.0,26.0
96.0,386.0,39.0,26.0
98.0,384.0,40.0,26.0
99.0,382.0,41.0,26.0
101.0,380.0,42.0,26.0
101.0,377.0,44.0,26.0
102.0,375.0,45.0,26.0
102.0,372.0,47.0,26.0
104.0,367.0,47.0,26.0
107.0,361.0,46.0,26.0
109.0,356.0,46.0,26.0
110.0,348.0,46.0,25.0
110.0,340.0,46.0,24.0
111.0,332.0,46.0,23.0
111.0,326.0,46.0,23.0
110.0,319.0,46.0,23.0
110.0,313.0,46.0,23.0
108.0,310.0,46.0,23.0
107.0,307.0,46.0,23.0
105.0,304.0,46.0,23.0
102.0,297.0,46.0,23.0
99.0,291.0,46.0,23.0
96.0,284.0,46.0,23.0
93.0,277.0,46.0,23.0
91.0,270.0,46.0,23.0
88.0,263.0,46.0,23.0
86.0,259.0,46.0,23.0
85.0,255.0,46.0,23.0
83.0,251.0,46.0,23.0
82.0,244.0,46.0,23.0
82.0,237.0,46.0,23.0
81.0,230.0,46.0,23.0
85.0,226.0,45.0,23.0
88.0,222.0,45.0,23.0
92.0,218.0,44.0,23.0
95.0,218.0,43.0,22.0
98.0,217.0,43.0,20.0
101.0,217.0,42.0,19.0
107.0,216.0,42.0,19.0
112.0,216.0,42.0,19.0
118.0,215.0,42.0,19.0
123.0,216.0,42.0,18.0
129.0,218.0,42.0,18.0
134.0,219.0,42.0,17.0
138.0,219.0,42.0,17.0
141.0,219.0,42.0,17.0
145.0,219.0,42.0,17.0
150.0,218.0,42.0,16.0
154.0,218.0,42.0,16.0
159.0,217.0,42.0,15.0
163.0,218.0,40.0,15.0
166.0,218.0,38.0,15.0
170.0,219.0,36.0,15.0
170.0,220.0,36.0,15.0
170.0,221.0,36.0,15.0
170.0,222.0,36.0,15.0
171.0,223.0,36.0,15.0
171.0,224.0,36.0,15.0
172.0,225.0,36.0,15.0
173.0,224.0,36.0,15.0
175.0,223.0,36.0,15.0
176.0,222.0,36.0,15.0
177.0,221.0,36.0,15.0
179.0,221.0,36.0,15.0
180.0,220.0,36.0,15.0
181.0,220.0,36.0,15.0
181.0,219.0,36.0,15.0
182.0,219.0,36.0,15.0
184.0,218.0,36.0,15.0
185.0,216.0,36.0,15.0
187.0,215.0,36.0,15.0
189.0,214.0,36.0,15.0
191.0,214.0,36.0,15.0
193.0,213.0,36.0,15.0
194.0,213.0,36.0,15.0
194.0,212.0,36.0,15.0
195.0,212.0,36.0,15.0
196.0,212.0,36.0,15.0
198.0,212.0,36.0,15.0
199.0,212.0,36.0,15.0
201.0,212.0,36.0,15.0
203.0,212.0,36.0,15.0
205.0,212.0,36.0,15.0
206.0,213.0,35.0,14.0
208.0,213.0,35.0,14.0
209.0,214.0,34.0,13.0
210.0,214.0,34.0,13.0
211.0,214.0,34.0,13.0
212.0,214.0,34.0,13.0
211.0,216.0,34.0,13.0
210.0,217.0,34.0,13.0
209.0,219.0,34.0,13.0
209.0,219.0,34.0,13.0
209.0,219.0,34.0,13.0
209.0,219.0,34.0,13.0
209.0,217.0,34.0,13.0
209.0,215.0,34.0,13.0
209.0,213.0,34.0,13.0
210.0,211.0,34.0,13.0
212.0,210.0,34.0,13.0
213.0,208.0,34.0,13.0
214.0,206.0,34.0,13.0
214.0,205.0,34.0,13.0
215.0,203.0,34.0,13.0
216.0,199.0,34.0,13.0
217.0,196.0,34.0,13.0
218.0,192.0,34.0,13.0
219.0,191.0,34.0,13.0
219.0,190.0,34.0,13.0
220.0,189.0,34.0,13.0
221.0,189.0,34.0,13.0
222.0,188.0,34.0,13.0
223.0,188.0,34.0,13.0
223.0,191.0,34.0,13.0
223.0,194.0,34.0,13.0
223.0,197.0,34.0,13.0
223.0,198.0,34.0,13.0
223.0,200.0,34.0,13.0
223.0,201.0,34.0,13.0
223.0,203.0,34.0,13.0
222.0,204.0,34.0,13.0
222.0,206.0,34.0,13.0
222.0,207.0,34.0,13.0
222.0,209.0,34.0,13.0
222.0,210.0,34.0,13.0
221.0,212.0,34.0,13.0
220.0,215.0,34.0,13.0
219.0,217.0,34.0,13.0
219.0,217.0,34.0,13.0
219.0,218.0,34.0,13.0
219.0,218.0,34.0,13.0
218.0,217.0,34.0,13.0
218.0,215.0,34.0,13.0
217.0,214.0,34.0,13.0
217.0,212.0,34.0,13.0
217.0,210.0,34.0,13.0
217.0,208.0,34.0,13.0
216.0,205.0,34.0,13.0
216.0,202.0,34.0,13.0
215.0,199.0,34.0,13.0
215.0,197.0,34.0,13.0
215.0,196.0,34.0,13.0
215.0,194.0,34.0,13.0
216.0,190.0,33.0,13.0
218.0,187.0,32.0,12.0
219.0,183.0,31.0,12.0
220.0,178.0,31.0,12.0
220.0,172.0,31.0,12.0
221.0,167.0,31.0,12.0
222.0,165.0,31.0,12.0
224.0,162.0,31.0,12.0
225.0,160.0,31.0,12.0
225.0,157.0,31.0,12.0
226.0,154.0,32.0,12.0
226.0,151.0,32.0,12.0
225.0,148.0,32.0,12.0
224.0,145.0,32.0,12.0
223.0,142.0,32.0,12.0
223.0,141.0,33.0,12.0
222.0,139.0,34.0,11.0
222.0,138.0,35.0,11.0
221.0,137.0,35.0,11.0
221.0,136.0,35.0,11.0
220.0,135.0,35.0,11.0
219.0,134.0,35.0,11.0
218.0,132.0,35.0,11.0
217.0,131.0,35.0,11.0
216.0,131.0,35.0,11.0
216.0,130.0,35.0,11.0
215.0,130.0,35.0,11.0
214.0,127.0,35.0,11.0
214.0,125.0,35.0,11.0
213.0,122.0,35.0,11.0
213.0,120.0,35.0,11.0
212.0,119.0,35.0,11.0
212.0,117.0,35.0,11.0
211.0,116.0,35.0,11.0
209.0,114.0,35.0,11.0
208.0,113.0,35.0,11.0
207.0,112.0,35.0,11.0
206.0,110.0,34.0,11.0
205.0,109.0,34.0,11.0
205.0,106.0,30.0,11.0
206.0,104.0,27.0,11.0
206.0,101.0,23.0,11.0
204.0,98.0,23.0,11.0
203.0,94.0,23.0,11.0
201.0,91.0,23.0,11.0
199.0,89.0,23.0,11.0
198.0,87.0,23.0,11.0
196.0,85.0,23.0,11.0
195.0,81.0,23.0,11.0
194.0,78.0,23.0,11.0
193.0,74.0,23.0,11.0
191.0,74.0,23.0,11.0
190.0,74.0,23.0,11.0
188.0,74.0,23.0,11.0
189.0,73.0,23.0,11.0
190.0,71.0,23.0,11.0
191.0,70.0,23.0,11.0
199.0,68.0,23.0,11.0
206.0,65.0,23.0,11.0
214.0,63.0,23.0,11.0
221.0,63.0,24.0,11.0
227.0,64.0,24.0,11.0
234.0,64.0,25.0,11.0
239.0,67.0,25.0,11.0
243.0,69.0,25.0,11.0
248.0,72.0,25.0,11.0
255.0,75.0,25.0,11.0
261.0,78.0,25.0,11.0
268.0,81.0,25.0,11.0
272.0,83.0,25.0,11.0
276.0,86.0,25.0,11.0
280.0,88.0,25.0,11.0
282.0,90.0,25.0,11.0
285.0,92.0,25.0,11.0
287.0,94.0,25.0,11.0
290.0,99.0,25.0,11.0
293.0,105.0,25.0,11.0
296.0,110.0,25.0,11.0
298.0,114.0,25.0,11.0
301.0,118.0,25.0,11.0
303.0,122.0,25.0,11.0
305.0,124.0,25.0,11.0
307.0,125.0,25.0,11.0
309.0,127.0,25.0,11.0
310.0,128.0,25.0,11.0
311.0,129.0,25.0,11.0
312.0,130.0,25.0,11.0
313.0,132.0,25.0,11.0
314.0,135.0,25.0,11.0
315.0,137.0,25.0,11.0
317.0,139.0,25.0,11.0
318.0,141.0,25.0,11.0
320.0,143.0,25.0,11.0
321.0,143.0,25.0,11.0
322.0,143.0,25.0,11.0
323.0,143.0,25.0,11.0
325.0,142.0,25.0,11.0
326.0,140.0,25.0,11.0
328.0,139.0,25.0,11.0
326.0,138.0,25.0,11.0
325.0,138.0,25.0,11.0
323.0,137.0,25.0,11.0
322.0,137.0,25.0,11.0
320.0,137.0,25.0,11.0
319.0,137.0,25.0,11.0
316.0,136.0,25.0,11.0
313.0,136.0,25.0,11.0
310.0,135.0,25.0,11.0
307.0,135.0,22.0,11.0
304.0,134.0,20.0,11.0
301.0,134.0,17.0,11.0
299.0,133.0,17.0,11.0
298.0,131.0,17.0,11.0
296.0,130.0,17.0,11.0
293.0,129.0,17.0,11.0
290.0,128.0,17.0,11.0
287.0,127.0,17.0,11.0
286.0,126.0,17.0,11.0
284.0,125.0,17.0,11.0
283.0,124.0,17.0,11.0
282.0,123.0,17.0,11.0
280.0,122.0,17.0,11.0
279.0,121.0,17.0,11.0
278.0,119.0,17.0,11.0
277.0,118.0,17.0,11.0
276.0,116.0,17.0,11.0
273.0,115.0,17.0,11.0
270.0,113.0,17.0,11.0
267.0,112.0,17.0,11.0
267.0,110.0,15.0,11.0
267.0,107.0,12.0,11.0
267.0,105.0,10.0,11.0
266.0,104.0,10.0,10.0
266.0,104.0,10.0,10.0
265.0,103.0,10.0,9.0
267.0,100.0,10.0,9.0
269.0,96.0,10.0,9.0
271.0,93.0,10.0,9.0
275.0,92.0,10.0,9.0
280.0,90.0,10.0,9.0
284.0,89.0,10.0,9.0
287.0,88.0,10.0,9.0
289.0,87.0,10.0,9.0
292.0,86.0,10.0,9.0
290.0,83.0,10.0,9.0
289.0,80.0,10.0,9.0
287.0,77.0,10.0,9.0
281.0,73.0,16.0,11.0
276.0,68.0,22.0,14.0
270.0,64.0,28.0,16.0
268.0,64.0,29.0,16.0
265.0,65.0,30.0,17.0
263.0,65.0,31.0,17.0
263.0,64.0,31.0,17.0
262.0,63.0,31.0,17.0
262.0,62.0,31.0,17.0
262.0,60.0,32.0,18.0
261.0,58.0,32.0,18.0
261.0,56.0,33.0,19.0
262.0,55.0,32.0,19.0
262.0,54.0,30.0,18.0
263.0,53.0,29.0,18.0
262.0,51.0,29.0,18.0
262.0,50.0,29.0,18.0
261.0,48.0,29.0,18.0
261.0,49.0,29.0,18.0
262.0,49.0,29.0,18.0
262.0,50.0,29.0,18.0
261.0,51.0,29.0,18.0
260.0,52.0,29.0,18.0
259.0,53.0,29.0,18.0
261.0,53.0,30.0,18.0
263.0,52.0,31.0,19.0
265.0,52.0,32.0,19.0
267.0,52.0,32.0,19.0
268.0,53.0,32.0,19.0
270.0,53.0,32.0,19.0
272.0,52.0,32.0,19.0
273.0,52.0,32.0,19.0
275.0,51.0,32.0,19.0
276.0,52.0,32.0,19.0
278.0,52.0,32.0,19.0
279.0,53.0,32.0,19.0
281.0,52.0,32.0,19.0
283.0,50.0,31.0,19.0
285.0,49.0,31.0,19.0
284.0,48.0,31.0,19.0
283.0,47.0,31.0,19.0
282.0,46.0,31.0,19.0
281.0,46.0,31.0,19.0
281.0,47.0,31.0,19.0
280.0,47.0,31.0,19.0
277.0,46.0,33.0,19.0
275.0,45.0,34.0,19.0
272.0,44.0,36.0,19.0
271.0,43.0,36.0,19.0
271.0,43.0,36.0,19.0
270.0,42.0,36.0,19.0
271.0,42.0,36.0,19.0
271.0,41.0,36.0,19.0
272.0,41.0,36.0,19.0
274.0,41.0,35.0,18.0
275.0,41.0,34.0,18.0
277.0,41.0,33.0,17.0
278.0,38.0,33.0,17.0
278.0,35.0,33.0,17.0
279.0,32.0,33.0,17.0
279.0,30.0,33.0,17.0
279.0,28.0,33.0,17.0
279.0,26.0,33.0,17.0
277.0,23.0,33.0,17.0
275.0,21.0,33.0,17.0
273.0,18.0,33.0,17.0
270.0,16.0,33.0,17.0
268.0,13.0,33.0,17.0
265.0,11.0,33.0,17.0
264.0,10.0,33.0,17.0
262.0,10.0,33.0,17.0
261.0,9.0,33.0,17.0
257.0,10.0,33.0,17.0
253.0,12.0,33.0,17.0
249.0,13.0,33.0,17.0
246.0,16.0,33.0,18.0
242.0,18.0,34.0,18.0
239.0,21.0,34.0,19.0
237.0,24.0,34.0,19.0
235.0,28.0,34.0,19.0
233.0,31.0,34.0,19.0
230.0,34.0,34.0,19.0
227.0,36.0,34.0,19.0
224.0,39.0,34.0,19.0
222.0,41.0,33.0,18.0
220.0,43.0,32.0,18.0
218.0,45.0,31.0,17.0
214.0,46.0,31.0,17.0
211.0,46.0,31.0,17.0
207.0,47.0,31.0,17.0
205.0,47.0,31.0,17.0
202.0,46.0,31.0,17.0
200.0,46.0,31.0,17.0
196.0,45.0,31.0,17.0
192.0,44.0,31.0,17.0
188.0,43.0,31.0,17.0
184.0,42.0,31.0,17.0
180.0,42.0,31.0,17.0
176.0,41.0,31.0,17.0
173.0,39.0,31.0,17.0
171.0,36.0,31.0,17.0
168.0,34.0,31.0,17.0
163.0,32.0,31.0,17.0
157.0,31.0,31.0,17.0
152.0,29.0,31.0,17.0
148.0,25.0,31.0,17.0
145.0,21.0,31.0,17.0
141.0,17.0,31.0,17.0
139.0,15.0,30.0,17.0
136.0,12.0,30.0,17.0
134.0,10.0,29.0,17.0
129.0,10.0,29.0,17.0
125.0,9.0,29.0,17.0
120.0,9.0,29.0,17.0
117.0,9.0,29.0,17.0
113.0,8.0,29.0,17.0
110.0,8.0,29.0,17.0
108.0,9.0,29.0,17.0
105.0,10.0,29.0,17.0
103.0,11.0,29.0,17.0
100.0,11.0,29.0,17.0
97.0,11.0,29.0,17.0
94.0,11.0,29.0,17.0
94.0,12.0,29.0,17.0
95.0,12.0,29.0,17.0
95.0,13.0,29.0,17.0
96.0,14.0,29.0,17.0
98.0,15.0,29.0,17.0
99.0,16.0,29.0,17.0
100.0,18.0,29.0,17.0
102.0,19.0,29.0,17.0
103.0,21.0,29.0,17.0
108.0,21.0,29.0,17.0
113.0,21.0,29.0,17.0
118.0,21.0,29.0,17.0
121.0,22.0,29.0,15.0
123.0,22.0,29.0,12.0
126.0,23.0,29.0,10.0
131.0,22.0,29.0,10.0
136.0,20.0,29.0,10.0
141.0,19.0,29.0,10.0
145.0,19.0,29.0,10.0
148.0,19.0,29.0,10.0
152.0,19.0,29.0,10.0
157.0,19.0,29.0,10.0
163.0,19.0,29.0,10.0
168.0,19.0,29.0,10.0
173.0,18.0,29.0,10.0
178.0,17.0,29.0,10.0
183.0,16.0,29.0,10.0
189.0,13.0,29.0,10.0
194.0,11.0,29.0,10.0
200.0,8.0,29.0,10.0
209.0,10.0,29.0,10.0
218.0,12.0,29.0,10.0
227.0,14.0,29.0,10.0
230.0,13.0,29.0,10.0
234.0,12.0,29.0,10.0
237.0,11.0,29.0,10.0
243.0,10.0,24.0,10.0
249.0,10.0,18.0,10.0
255.0,9.0,13.0,10.0
267.0,10.0,13.0,10.0
280.0,11.0,13.0,10.0
292.0,12.0,13.0,10.0
298.0,11.0,13.0,10.0
303.0,11.0,14.0,10.0
309.0,10.0,14.0,10.0
319.0,10.0,12.0,9.0
329.0,11.0,10.0,7.0
339.0,11.0,8.0,6.0
349.0,12.0,8.0,6.0
358.0,14.0,8.0,6.0
368.0,15.0,8.0,6.0
373.0,14.0,8.0,6.0
379.0,12.0,8.0,6.0
384.0,11.0,8.0,6.0
391.0,8.0,8.0,6.0
398.0,6.0,8.0,6.0
405.0,3.0,8.0,6.0
410.0,2.0,8.0,6.0
415.0,2.0,8.0,6.0
420.0,1.0,8.0,6.0
421.0,1.0,8.0,6.0
421.0,1.0,8.0,6.0
422.0,1.0,8.0,6.0
419.0,3.0,8.0,6.0
415.0,4.0,8.0,6.0
412.0,6.0,8.0,6.0
408.0,12.0,9.0,7.0
403.0,17.0,11.0,7.0
399.0,23.0,12.0,8.0
397.0,31.0,12.0,8.0
394.0,38.0,12.0,8.0
392.0,46.0,12.0,8.0
390.0,48.0,13.0,9.0
387.0,51.0,13.0,9.0
385.0,53.0,14.0,10.0
383.0,57.0,14.0,10.0
381.0,60.0,14.0,10.0
379.0,64.0,14.0,10.0
379.0,67.0,14.0,10.0
378.0,70.0,14.0,10.0
378.0,73.0,14.0,10.0
377.0,75.0,14.0,10.0
377.0,78.0,14.0,10.0
376.0,80.0,14.0,10.0
376.0,81.0,14.0,10.0
377.0,83.0,14.0,10.0
377.0,84.0,14.0,10.0
378.0,84.0,15.0,11.0
378.0,84.0,16.0,11.0
379.0,84.0,17.0,12.0
380.0,83.0,17.0,12.0
381.0,81.0,17.0,12.0
382.0,80.0,17.0,12.0
383.0,79.0,17.0,12.0
385.0,78.0,17.0,12.0
386.0,77.0,17.0,12.0
388.0,79.0,17.0,12.0
389.0,82.0,17.0,12.0
391.0,84.0,17.0,12.0
392.0,84.0,17.0,12.0
392.0,85.0,17.0,12.0
393.0,85.0,17.0,12.0
390.0,87.0,17.0,12.0
388.0,89.0,17.0,12.0
385.0,91.0,17.0,12.0
382.0,94.0,17.0,12.0
380.0,97.0,17.0,12.0
377.0,100.0,17.0,12.0
375.0,102.0,17.0,12.0
374.0,104.0,17.0,12.0
372.0,106.0,17.0,12.0
370.0,109.0,17.0,12.0
368.0,113.0,17.0,12.0
366.0,116.0,17.0,12.0
366.0,119.0,17.0,12.0
365.0,122.0,17.0,12.0
365.0,125.0,17.0,12.0
365.0,125.0,17.0,12.0
365.0,126.0,17.0,12.0
365.0,126.0,17.0,12.0
365.0,127.0,17.0,12.0
366.0,127.0,17.0,12.0
366.0,128.0,17.0,12.0
366.0,128.0,19.0,12.0
367.0,128.0,20.0,12.0
367.0,128.0,22.0,12.0
368.0,126.0,22.0,12.0
368.0,124.0,22.0,12.0
369.0,122.0,22.0,12.0
369.0,121.0,23.0,12.0
369.0,120.0,23.0,12.0
369.0,119.0,24.0,12.0
370.0,117.0,24.0,12.0
372.0,114.0,24.0,12.0
373.0,112.0,24.0,12.0
373.0,109.0,24.0,12.0
374.0,107.0,24.0,12.0
374.0,104.0,24.0,12.0
375.0,103.0,24.0,12.0
375.0,103.0,24.0,12.0
376.0,102.0,24.0,12.0
379.0,102.0,24.0,12.0
383.0,103.0,24.0,12.0
386.0,103.0,24.0,12.0
387.0,104.0,24.0,12.0
387.0,106.0,24.0,12.0
388.0,107.0,24.0,12.0
389.0,106.0,24.0,12.0
389.0,104.0,24.0,12.0
390.0,103.0,24.0,12.0
390.0,102.0,24.0,12.0
390.0,102.0,24.0,12.0
390.0,101.0,24.0,12.0
389.0,99.0,24.0,12.0
389.0,97.0,24.0,12.0
388.0,95.0,24.0,12.0
388.0,94.0,24.0,12.0
387.0,93.0,24.0,12.0
387.0,92.0,24.0,12.0
386.0,91.0,24.0,12.0
385.0,89.0,24.0,12.0
384.0,88.0,24.0,12.0
383.0,88.0,24.0,12.0
383.0,89.0,24.0,12.0
382.0,89.0,24.0,12.0
383.0,88.0,21.0,12.0
384.0,86.0,19.0,12.0
385.0,85.0,16.0,12.0
384.0,83.0,16.0,12.0
383.0,81.0,16.0,12.0
382.0,79.0,16.0,12.0
381.0,78.0,15.0,11.0
380.0,76.0,14.0,10.0
379.0,75.0,13.0,9.0
377.0,75.0,13.0,9.0
375.0,74.0,13.0,9.0
373.0,74.0,13.0,9.0
372.0,75.0,12.0,9.0
370.0,76.0,12.0,8.0
369.0,77.0,11.0,8.0
368.0,77.0,10.0,8.0
368.0,76.0,8.0,7.0
367.0,76.0,7.0,7.0
366.0,75.0,7.0,7.0
364.0,74.0,7.0,7.0
363.0,73.0,7.0,7.0
362.0,73.0,7.0,7.0
362.0,73.0,7.0,7.0
361.0,73.0,7.0,7.0
nan,nan,nan,nan
nan,nan,nan,nan
nan,nan,nan,nan
nan,nan,nan,nan
nan,nan,nan,nan
nan,nan,nan,nan
nan,nan,nan,nan
nan,nan,nan,nan
nan,nan,nan,nan
nan,nan,nan,nan
nan,nan,nan,nan
nan,nan,nan,nan
nan,nan,nan,nan
nan,nan,nan,nan
nan,nan,nan,nan
nan,nan,nan,nan
nan,nan,nan,nan
nan,nan,nan,nan
nan,nan,nan,nan
nan,nan,nan,nan
nan,nan,nan,nan
nan,nan,nan,nan
nan,nan,nan,nan
nan,nan,nan,nan
nan,nan,nan,nan
nan,nan,nan,nan
nan,nan,nan,nan
nan,nan,nan,nan
nan,nan,nan,nan
nan,nan,nan,nan
nan,nan,nan,nan
nan,nan,nan,nan
nan,nan,nan,nan
nan,nan,nan,nan
nan,nan,nan,nan
nan,nan,nan,nan
nan,nan,nan,nan
nan,nan,nan,nan
nan,nan,nan,nan
nan,nan,nan,nan
nan,nan,nan,nan
nan,nan,nan,nan
nan,nan,nan,nan
nan,nan,nan,nan
nan,nan,nan,nan
nan,nan,nan,nan
nan,nan,nan,nan
nan,nan,nan,nan
nan,nan,nan,nan
nan,nan,nan,nan
nan,nan,nan,nan
nan,nan,nan,nan
nan,nan,nan,nan
280.0,68.0,7.0,7.0
279.0,68.0,7.0,7.0
277.0,69.0,7.0,7.0
276.0,69.0,7.0,7.0
275.0,71.0,7.0,7.0
273.0,74.0,7.0,7.0
272.0,76.0,7.0,7.0
270.0,80.0,7.0,7.0
268.0,83.0,7.0,7.0
266.0,87.0,7.0,7.0
265.0,90.0,7.0,7.0
263.0,94.0,7.0,7.0
262.0,97.0,7.0,7.0
260.0,100.0,7.0,7.0
259.0,102.0,7.0,7.0
257.0,105.0,7.0,7.0
255.0,107.0,7.0,7.0
254.0,108.0,7.0,7.0
252.0,110.0,7.0,7.0
251.0,111.0,7.0,7.0
251.0,111.0,7.0,7.0
250.0,112.0,7.0,7.0
251.0,111.0,7.0,7.0
251.0,110.0,7.0,7.0
252.0,109.0,7.0,7.0
256.0,108.0,8.0,7.0
259.0,106.0,8.0,8.0
263.0,105.0,9.0,8.0
265.0,105.0,9.0,8.0
268.0,106.0,9.0,8.0
270.0,106.0,9.0,8.0
275.0,104.0,9.0,8.0
280.0,103.0,9.0,8.0
285.0,101.0,9.0,8.0
291.0,100.0,9.0,8.0
298.0,99.0,9.0,8.0
304.0,98.0,9.0,8.0
307.0,95.0,9.0,8.0
311.0,91.0,9.0,8.0
314.0,88.0,9.0,8.0
316.0,85.0,9.0,8.0
317.0,81.0,9.0,8.0
319.0,78.0,9.0,8.0
320.0,74.0,9.0,8.0
320.0,71.0,9.0,8.0
321.0,67.0,9.0,8.0
nan,nan,nan,nan
nan,nan,nan,nan
nan,nan,nan,nan
nan,nan,nan,nan
nan,nan,nan,nan
nan,nan,nan,nan
nan,nan,nan,nan
nan,nan,nan,nan
nan,nan,nan,nan
nan,nan,nan,nan
nan,nan,nan,nan
nan,nan,nan,nan
nan,nan,nan,nan
nan,nan,nan,nan
nan,nan,nan,nan
nan,nan,nan,nan
nan,nan,nan,nan
nan,nan,nan,nan
nan,nan,nan,nan
nan,nan,nan,nan
nan,nan,nan,nan
nan,nan,nan,nan
nan,nan,nan,nan
nan,nan,nan,nan
nan,nan,nan,nan
nan,nan,nan,nan
nan,nan,nan,nan
nan,nan,nan,nan
nan,nan,nan,nan
nan,nan,nan,nan
nan,nan,nan,nan
nan,nan,nan,nan
nan,nan,nan,nan
nan,nan,nan,nan
nan,nan,nan,nan
404.0,23.0,11.0,7.0
408.0,24.0,11.0,7.0
413.0,24.0,11.0,7.0
417.0,25.0,11.0,7.0
422.0,29.0,11.0,7.0
426.0,32.0,11.0,7.0
431.0,36.0,11.0,7.0
435.0,39.0,11.0,7.0
438.0,41.0,11.0,7.0
442.0,44.0,11.0,7.0
448.0,50.0,11.0,7.0
454.0,55.0,11.0,7.0
460.0,61.0,11.0,7.0
465.0,66.0,11.0,7.0
470.0,71.0,11.0,7.0
475.0,76.0,11.0,7.0
478.0,78.0,11.0,7.0
481.0,80.0,11.0,7.0
484.0,82.0,11.0,7.0
487.0,85.0,11.0,7.0
491.0,88.0,11.0,7.0
494.0,91.0,11.0,7.0
493.0,94.0,11.0,7.0
493.0,96.0,11.0,7.0
492.0,99.0,11.0,7.0
495.0,101.0,11.0,7.0
497.0,102.0,11.0,7.0
500.0,104.0,11.0,7.0
501.0,105.0,11.0,7.0
503.0,106.0,11.0,7.0
504.0,107.0,11.0,7.0
507.0,108.0,11.0,7.0
509.0,110.0,11.0,7.0
512.0,111.0,11.0,7.0
514.0,112.0,11.0,7.0
517.0,114.0,11.0,7.0
519.0,115.0,11.0,7.0
520.0,115.0,11.0,7.0
522.0,116.0,11.0,7.0
523.0,116.0,11.0,7.0
523.0,116.0,11.0,7.0
522.0,116.0,11.0,7.0
522.0,116.0,11.0,7.0
522.0,117.0,11.0,7.0
522.0,117.0,11.0,7.0
522.0,118.0,11.0,7.0
522.0,118.0,11.0,7.0
522.0,119.0,11.0,7.0
522.0,119.0,11.0,7.0
519.0,118.0,11.0,7.0
516.0,118.0,11.0,7.0
513.0,117.0,11.0,7.0
510.0,115.0,11.0,7.0
506.0,114.0,11.0,7.0
503.0,112.0,11.0,7.0
501.0,112.0,11.0,7.0
498.0,113.0,11.0,7.0
496.0,113.0,11.0,7.0
494.0,114.0,11.0,7.0
492.0,114.0,11.0,7.0
490.0,115.0,11.0,7.0
489.0,116.0,11.0,7.0
487.0,118.0,11.0,7.0
486.0,119.0,11.0,7.0
485.0,120.0,11.0,7.0
483.0,122.0,11.0,7.0
482.0,123.0,11.0,7.0
479.0,124.0,11.0,7.0
475.0,124.0,11.0,7.0
472.0,125.0,11.0,7.0
467.0,125.0,11.0,7.0
461.0,125.0,11.0,7.0
456.0,125.0,11.0,7.0
452.0,125.0,11.0,7.0
448.0,124.0,11.0,7.0
444.0,124.0,11.0,7.0
433.0,122.0,17.0,8.0
422.0,121.0,24.0,9.0
411.0,119.0,30.0,10.0
404.0,119.0,27.0,10.0
396.0,119.0,24.0,10.0
389.0,119.0,21.0,10.0
381.0,119.0,25.0,11.0
374.0,119.0,28.0,11.0
366.0,119.0,32.0,12.0
360.0,120.0,32.0,12.0
354.0,120.0,32.0,12.0
348.0,121.0,32.0,12.0
343.0,119.0,28.0,12.0
337.0,116.0,25.0,12.0
332.0,114.0,21.0,12.0
328.0,112.0,21.0,12.0
324.0,109.0,21.0,12.0
320.0,107.0,21.0,12.0
313.0,106.0,21.0,12.0
305.0,106.0,21.0,12.0
298.0,105.0,21.0,12.0
292.0,105.0,21.0,12.0
286.0,105.0,21.0,12.0
280.0,105.0,21.0,12.0
278.0,105.0,21.0,12.0
277.0,106.0,21.0,12.0
275.0,106.0,21.0,12.0
273.0,107.0,21.0,12.0
270.0,107.0,21.0,12.0
268.0,108.0,21.0,12.0
265.0,109.0,21.0,12.0
262.0,109.0,21.0,12.0
259.0,110.0,21.0,12.0
255.0,111.0,21.0,12.0
251.0,111.0,21.0,12.0
247.0,112.0,21.0,12.0
244.0,113.0,21.0,12.0
242.0,113.0,21.0,12.0
239.0,114.0,21.0,12.0
235.0,117.0,21.0,12.0
230.0,119.0,21.0,12.0
226.0,122.0,21.0,12.0
221.0,124.0,21.0,12.0
217.0,125.0,21.0,12.0
212.0,127.0,21.0,12.0
210.0,128.0,21.0,12.0
209.0,129.0,21.0,12.0
207.0,130.0,21.0,12.0
203.0,132.0,21.0,12.0
200.0,135.0,21.0,12.0
196.0,137.0,21.0,12.0
193.0,139.0,21.0,12.0
190.0,141.0,21.0,12.0
187.0,143.0,21.0,12.0
185.0,144.0,21.0,12.0
184.0,144.0,21.0,12.0
182.0,145.0,21.0,12.0
180.0,147.0,21.0,12.0
177.0,149.0,21.0,12.0
175.0,151.0,21.0,12.0
172.0,153.0,21.0,12.0
168.0,155.0,21.0,12.0
165.0,157.0,21.0,12.0
162.0,159.0,21.0,12.0
159.0,161.0,21.0,12.0
156.0,163.0,21.0,12.0
152.0,167.0,21.0,12.0
147.0,170.0,21.0,12.0
143.0,174.0,21.0,12.0
138.0,178.0,21.0,12.0
134.0,182.0,21.0,12.0
129.0,186.0,21.0,12.0
126.0,189.0,21.0,12.0
122.0,192.0,21.0,12.0
119.0,195.0,21.0,12.0
114.0,198.0,21.0,12.0
108.0,201.0,21.0,12.0
103.0,204.0,21.0,12.0
97.0,208.0,21.0,12.0
91.0,213.0,21.0,12.0
85.0,217.0,21.0,12.0
81.0,219.0,21.0,14.0
78.0,221.0,21.0,15.0
74.0,223.0,21.0,17.0
68.0,226.0,21.0,17.0
63.0,230.0,21.0,17.0
57.0,233.0,21.0,17.0
48.0,238.0,21.0,16.0
39.0,243.0,21.0,16.0
30.0,248.0,21.0,15.0
